   1.0000000e+02   2.5378764e+02
   1.1944916e+02   2.5551537e+02
   1.3889831e+02   2.5698499e+02
   1.5834747e+02   2.5842459e+02
   1.7779662e+02   2.5970902e+02
   1.9724578e+02   2.6086573e+02
   2.1669493e+02   2.6191261e+02
   2.3614409e+02   2.6288122e+02
   2.5559324e+02   2.6374926e+02
   2.7504240e+02   2.6458180e+02
   2.9449155e+02   2.6535886e+02
   3.1394071e+02   2.6607465e+02
   3.3338986e+02   2.6675925e+02
   3.5283902e+02   2.6740431e+02
   3.7228817e+02   2.6800844e+02
   3.9173733e+02   2.6857398e+02
   4.1118649e+02   2.6913108e+02
   4.3063564e+02   2.6966285e+02
   4.5008480e+02   2.7016726e+02
   4.6953395e+02   2.7061890e+02
   4.8898311e+02   2.7107525e+02
   5.0843226e+02   2.7148740e+02
   5.2788142e+02   2.7187531e+02
   5.4733057e+02   2.7227280e+02
   5.6677973e+02   2.7268110e+02
   5.8622888e+02   2.7307372e+02
   6.0567804e+02   2.7345489e+02
   6.2512719e+02   2.7384678e+02
   6.4457635e+02   2.7422573e+02
   6.6402550e+02   2.7459239e+02
   6.8347466e+02   2.7494773e+02
   7.0292381e+02   2.7531921e+02
   7.2237297e+02   2.7570887e+02
   7.4182213e+02   2.7608886e+02
   7.6127128e+02   2.7648755e+02
   7.8072044e+02   2.7687742e+02
   8.0016959e+02   2.7725661e+02
   8.1961875e+02   2.7760276e+02
   8.3906790e+02   2.7794145e+02
   8.5851706e+02   2.7826376e+02
   8.7796621e+02   2.7858849e+02
   8.9741537e+02   2.7890670e+02
   9.1686452e+02   2.7921867e+02
   9.3631368e+02   2.7952465e+02
   9.5576283e+02   2.7980639e+02
   9.7521199e+02   2.8007343e+02
   9.9466114e+02   2.8033519e+02
   1.0141103e+03   2.8059189e+02
   1.0335595e+03   2.8084376e+02
   1.0530086e+03   2.8109176e+02
   1.0724578e+03   2.8135846e+02
   1.0919069e+03   2.8162418e+02
   1.1113561e+03   2.8188599e+02
   1.1308052e+03   2.8214362e+02
   1.1502544e+03   2.8241290e+02
   1.1697035e+03   2.8266639e+02
   1.1891527e+03   2.8291289e+02
   1.2086019e+03   2.8315552e+02
   1.2280510e+03   2.8339473e+02
   1.2475002e+03   2.8362374e+02
   1.2669493e+03   2.8385654e+02
   1.2863985e+03   2.8408608e+02
   1.3058476e+03   2.8431254e+02
   1.3252968e+03   2.8454025e+02
   1.3447459e+03   2.8477424e+02
   1.3641951e+03   2.8499210e+02
   1.3836443e+03   2.8520741e+02
   1.4030934e+03   2.8542011e+02
   1.4225426e+03   2.8563799e+02
   1.4419917e+03   2.8585063e+02
   1.4614409e+03   2.8605586e+02
   1.4808900e+03   2.8625867e+02
   1.5003392e+03   2.8645930e+02
   1.5197883e+03   2.8664576e+02
   1.5392375e+03   2.8681424e+02
   1.5586866e+03   2.8698061e+02
   1.5781358e+03   2.8715201e+02
   1.5975850e+03   2.8733716e+02
   1.6170341e+03   2.8753595e+02
   1.6364833e+03   2.8774832e+02
   1.6559324e+03   2.8796021e+02
   1.6753816e+03   2.8816449e+02
   1.6948307e+03   2.8836588e+02
   1.7142799e+03   2.8856174e+02
   1.7337290e+03   2.8874023e+02
   1.7531782e+03   2.8891579e+02
   1.7726274e+03   2.8908836e+02
   1.7920765e+03   2.8924465e+02
   1.8115257e+03   2.8938760e+02
   1.8309748e+03   2.8953428e+02
   1.8504240e+03   2.8969301e+02
   1.8698731e+03   2.8985927e+02
   1.8893223e+03   2.9002400e+02
   1.9087714e+03   2.9018744e+02
   1.9282206e+03   2.9034424e+02
   1.9476698e+03   2.9048619e+02
   1.9671189e+03   2.9061777e+02
   1.9865681e+03   2.9074825e+02
   2.0060172e+03   2.9087824e+02
   2.0254664e+03   2.9100677e+02
