-1.0000e+01 2.4400e-17
-1.1577e+01 3.0338e-17
-1.1893e+01 8.3835e-17
-1.2366e+01 2.1544e-16
-1.2524e+01 4.7883e-16
-1.2997e+01 4.3615e-17
-1.4890e+01 3.5079e-17
-1.5678e+01 2.1544e-16
-1.6309e+01 5.8313e-17
-1.7098e+01 1.3232e-15
-1.7256e+01 6.2704e-17
-1.8517e+01 4.6900e-17
-1.9464e+01 5.1489e-16
-2.0095e+01 6.2704e-17
-2.1041e+01 4.7883e-16
-2.1199e+01 4.6900e-17
-2.3722e+01 2.4400e-17
-2.4826e+01 7.7159e-14
-2.5931e+01 5.0432e-17
-2.7035e+01 2.6787e-16
-2.7035e+01 5.8313e-17
-2.8454e+01 3.0338e-17
-3.0347e+01 3.2622e-17
-3.1451e+01 3.0974e-16
-3.2397e+01 5.0432e-17
-3.3028e+01 4.0561e-17
-3.3344e+01 4.6900e-17
-3.3659e+01 1.5620e-14
-3.4132e+01 2.1102e-17
-3.4763e+01 2.3652e-15
-3.5394e+01 1.2305e-15
-3.5394e+01 3.9318e-15
-3.5868e+01 1.8250e-17
-3.5868e+01 2.7349e-15
-3.6183e+01 3.9318e-15
-3.6656e+01 2.2691e-17
-3.6814e+01 8.7386e-15
-3.7129e+01 2.2691e-17
-3.7287e+01 2.9408e-15
-3.7918e+01 1.9624e-17
-3.8076e+01 2.9408e-15
-3.8707e+01 2.1102e-17
-3.9180e+01 6.8840e-16
-3.9495e+01 1.6972e-17
-3.9653e+01 6.4019e-16
-4.0126e+01 1.6972e-17
-4.0757e+01 9.2037e-16
-4.1230e+01 1.4678e-17
-4.1703e+01 1.0642e-15
-4.2334e+01 1.3650e-17
-4.2808e+01 6.4019e-16
-4.3123e+01 1.4678e-17
-4.3754e+01 1.5300e-15
-4.3912e+01 1.8250e-17
-4.4385e+01 5.5366e-16
-4.4858e+01 9.2037e-16
-4.5331e+01 8.1266e-15
-4.5489e+01 1.9624e-17
-4.5962e+01 3.1623e-15
-4.6593e+01 1.5783e-17
-4.6909e+01 9.0148e-17
-4.7224e+01 2.8804e-16
-4.7539e+01 1.4678e-17
-4.7855e+01 6.8840e-16
-4.8013e+01 1.6972e-17
-4.8328e+01 3.4004e-15
-4.8644e+01 1.8250e-17
-4.9117e+01 1.9023e-15
-4.9590e+01 1.9624e-17
-4.9432e+01 1.0104e-14
-5.0063e+01 4.8887e-15
-5.0379e+01 2.1102e-17
-5.0536e+01 2.6787e-16
-5.0694e+01 4.8887e-15
-5.1167e+01 2.0036e-16
-5.1167e+01 1.1805e-17
-5.1483e+01 9.3967e-15
-5.1956e+01 1.4678e-17
-5.2114e+01 2.5433e-15
-5.2429e+01 1.2694e-17
-5.3060e+01 2.1996e-15
-5.3533e+01 1.9023e-15
-5.4322e+01 1.1683e-14
-5.4795e+01 2.2691e-17
-5.5268e+01 1.1805e-17
-5.5899e+01 3.0974e-16
-5.6215e+01 5.9535e-16
-5.6845e+01 1.6972e-17
-5.7634e+01 5.0432e-17
-5.8107e+01 3.9318e-15
-5.8896e+01 7.9598e-16
-5.9211e+01 3.0338e-17
-5.9685e+01 1.9624e-17
-6.0158e+01 2.8213e-17
-6.0946e+01 6.6042e-18
-6.1735e+01 2.5433e-15
-6.2366e+01 2.3652e-15
-6.3155e+01 5.0432e-17
-6.3943e+01 1.5300e-15
-6.4416e+01 1.5300e-15
-6.4890e+01 4.4530e-16
-6.5363e+01 2.3899e-18
-6.6151e+01 1.6114e-16
-6.7571e+01 1.3232e-15
-6.7886e+01 1.4228e-15
-6.8675e+01 8.5592e-16
-6.9306e+01 5.3116e-18
-6.9937e+01 9.3967e-15
-7.0252e+01 6.8840e-16
-7.0883e+01 8.1266e-15
-7.1672e+01 2.3652e-15
-7.3091e+01 2.1996e-15
-7.4196e+01 7.9598e-16
-7.5142e+01 1.1443e-15
-7.5931e+01 3.8511e-16
-7.6088e+01 6.7426e-17
-7.6562e+01 2.8804e-16
-7.7035e+01 2.8804e-16
-7.7981e+01 8.5592e-16
-7.8927e+01 3.3306e-16
-7.9243e+01 9.6936e-17
-7.9558e+01 2.1544e-16
-8.0032e+01 4.1411e-16
-8.0662e+01 3.7720e-17
-8.1136e+01 1.2053e-16
-8.1924e+01 4.3615e-17
-8.2397e+01 1.9624e-17
-8.2397e+01 6.7426e-17
-8.2871e+01 5.4229e-17
-8.2871e+01 2.8804e-16
-8.3186e+01 7.2504e-17
-8.3817e+01 1.2053e-16
-8.4132e+01 9.8968e-16
-8.4606e+01 2.8804e-16
-8.5079e+01 5.1489e-16
-8.5079e+01 3.5079e-17
-8.5868e+01 2.0036e-16
-8.5868e+01 4.5937e-18
-8.6814e+01 7.2504e-17
-8.7445e+01 6.2704e-17
-8.7760e+01 1.9023e-15
-8.8549e+01 4.5463e-15
-8.9022e+01 2.1996e-15
-8.9653e+01 1.9023e-15
-8.9968e+01 1.3095e-12
-9.0284e+01 9.1088e-13
-9.1073e+01 8.4709e-13
-9.1861e+01 2.0455e-15
-9.2334e+01 3.1623e-15
-9.2808e+01 6.0783e-15
-9.3281e+01 2.5967e-14
-9.3754e+01 3.2286e-14
-9.4543e+01 1.7508e-12
-9.5174e+01 1.2178e-12
-9.6435e+01 8.8297e-18
-9.7382e+01 8.2114e-18
-9.8170e+01 2.3652e-15
-9.8959e+01 3.9318e-15
-9.9905e+01 7.1756e-14
-1.0101e+02 8.2970e-14
-1.0227e+02 2.3408e-12
-1.0338e+02 2.5171e-12
-1.0385e+02 3.6188e-12
-1.0495e+02 2.1102e-17
-1.0527e+02 1.6114e-16
-1.0543e+02 7.4023e-16
-1.0606e+02 4.5463e-15
-1.0669e+02 7.1756e-14
-1.0732e+02 6.2057e-14
-1.0827e+02 1.2178e-12
-1.0921e+02 1.7508e-12
-1.1000e+02 1.2178e-12
