  -1.0000000e+02   1.2200000e-12
  -9.9497487e+01   1.3158224e-12
  -9.8994975e+01   1.3274757e-12
  -9.8492462e+01   6.5544670e-13
  -9.7989950e+01   3.0381687e-13
  -9.7487437e+01   1.3419801e-13
  -9.6984925e+01   4.6126427e-14
  -9.6482412e+01   1.7147816e-14
  -9.5979899e+01   1.2949692e-14
  -9.5477387e+01   1.4332834e-14
  -9.4974874e+01   1.8826703e-14
  -9.4472362e+01   2.8146298e-14
  -9.3969849e+01   3.9841386e-14
  -9.3467337e+01   6.0462535e-14
  -9.2964824e+01   1.0064055e-13
  -9.2462312e+01   2.1209365e-13
  -9.1959799e+01   4.0715953e-13
  -9.1457286e+01   3.3058760e-13
  -9.0954774e+01   1.5932014e-13
  -9.0452261e+01   7.6308703e-14
  -8.9949749e+01   3.2398758e-14
  -8.9447236e+01   8.8719289e-15
  -8.8944724e+01   2.7880119e-15
  -8.8442211e+01   1.0179309e-15
  -8.7939698e+01   4.8098252e-16
  -8.7437186e+01   4.1498276e-16
  -8.6934673e+01   6.6246498e-16
  -8.6432161e+01   1.2797469e-15
  -8.5929648e+01   1.6986611e-15
  -8.5427136e+01   2.4630572e-15
  -8.4924623e+01   5.1186634e-15
  -8.4422111e+01   9.6443103e-15
  -8.3919598e+01   1.7866285e-14
  -8.3417085e+01   3.0418954e-14
  -8.2914573e+01   4.6648952e-14
  -8.2412060e+01   4.5072402e-14
  -8.1909548e+01   4.3709054e-14
  -8.1407035e+01   6.4407047e-14
  -8.0904523e+01   9.6204380e-14
  -8.0402010e+01   1.0485290e-13
  -7.9899497e+01   1.1129079e-13
  -7.9396985e+01   1.2666427e-13
  -7.8894472e+01   1.2492257e-13
  -7.8391960e+01   9.2576988e-14
  -7.7889447e+01   8.4776648e-14
  -7.7386935e+01   7.0990319e-14
  -7.6884422e+01   6.3720303e-14
  -7.6381910e+01   6.3412880e-14
  -7.5879397e+01   7.9230464e-14
  -7.5376884e+01   1.3807645e-13
  -7.4874372e+01   1.5520331e-13
  -7.4371859e+01   2.5921514e-13
  -7.3869347e+01   3.2494262e-13
  -7.3366834e+01   2.8643604e-13
  -7.2864322e+01   2.4478183e-13
  -7.2361809e+01   2.0534353e-13
  -7.1859296e+01   1.0658849e-13
  -7.1356784e+01   1.0658869e-13
  -7.0854271e+01   7.4822362e-14
  -7.0351759e+01   9.2482097e-14
  -6.9849246e+01   8.6235378e-14
  -6.9346734e+01   5.8862383e-14
  -6.8844221e+01   3.9419344e-14
  -6.8341709e+01   3.9867573e-14
  -6.7839196e+01   3.3663352e-14
  -6.7336683e+01   5.4479949e-14
  -6.6834171e+01   5.5524815e-14
  -6.6331658e+01   6.1371200e-14
  -6.5829146e+01   7.1798832e-14
  -6.5326633e+01   7.4208175e-14
  -6.4824121e+01   9.7642747e-14
  -6.4321608e+01   1.1657879e-13
  -6.3819095e+01   9.8969740e-14
  -6.3316583e+01   1.0419101e-13
  -6.2814070e+01   7.4853335e-14
  -6.2311558e+01   4.5800585e-14
  -6.1809045e+01   3.0994246e-14
  -6.1306533e+01   9.3944848e-15
  -6.0804020e+01   5.9601007e-15
  -6.0301508e+01   6.7518890e-15
  -5.9798995e+01   9.8378682e-15
  -5.9296482e+01   1.1611486e-14
  -5.8793970e+01   9.0768132e-15
  -5.8291457e+01   7.6065725e-15
  -5.7788945e+01   8.6783401e-15
  -5.7286432e+01   8.7310240e-15
  -5.6783920e+01   1.6491423e-14
  -5.6281407e+01   2.1503501e-14
  -5.5778894e+01   2.2065667e-14
  -5.5276382e+01   1.8832766e-14
  -5.4773869e+01   1.4599712e-14
  -5.4271357e+01   1.5253670e-14
  -5.3768844e+01   2.9935778e-14
  -5.3266332e+01   2.2333974e-14
  -5.2763819e+01   2.6132936e-14
  -5.2261307e+01   2.7295086e-14
  -5.1758794e+01   2.8004493e-14
  -5.1256281e+01   1.9987217e-14
  -5.0753769e+01   1.3413962e-14
  -5.0251256e+01   1.3053306e-14
  -4.9748744e+01   1.8910109e-14
  -4.9246231e+01   1.3402962e-14
  -4.8743719e+01   1.6137590e-14
  -4.8241206e+01   1.5142062e-14
  -4.7738693e+01   1.8115771e-14
  -4.7236181e+01   6.8065003e-15
  -4.6733668e+01   3.0560592e-15
  -4.6231156e+01   3.5152383e-15
  -4.5728643e+01   3.8842658e-15
  -4.5226131e+01   3.3698972e-15
  -4.4723618e+01   3.5403550e-15
  -4.4221106e+01   2.9789861e-15
  -4.3718593e+01   1.9665932e-15
  -4.3216080e+01   1.3339743e-15
  -4.2713568e+01   2.3467729e-15
  -4.2211055e+01   3.8329828e-15
  -4.1708543e+01   4.4376901e-15
  -4.1206030e+01   2.7235498e-15
  -4.0703518e+01   1.6560282e-15
  -4.0201005e+01   2.1329716e-15
  -3.9698492e+01   1.8955264e-15
  -3.9195980e+01   5.2072983e-15
  -3.8693467e+01   3.3782998e-15
  -3.8190955e+01   5.1993899e-15
  -3.7688442e+01   5.0907702e-15
  -3.7185930e+01   4.8037772e-15
  -3.6683417e+01   9.0862482e-15
  -3.6180905e+01   9.4990458e-15
  -3.5678392e+01   7.4754816e-15
  -3.5175879e+01   7.4153805e-15
  -3.4673367e+01   6.1099329e-15
  -3.4170854e+01   1.0082546e-14
  -3.3668342e+01   3.5559351e-15
  -3.3165829e+01   2.3418470e-15
  -3.2663317e+01   2.5507532e-15
  -3.2160804e+01   1.1577811e-15
  -3.1658291e+01   2.4415213e-15
  -3.1155779e+01   1.7302740e-15
  -3.0653266e+01   1.4752394e-15
  -3.0150754e+01   1.8988853e-15
  -2.9648241e+01   3.0422250e-15
  -2.9145729e+01   9.0012707e-15
  -2.8643216e+01   8.9346719e-15
  -2.8140704e+01   9.7536084e-15
  -2.7638191e+01   1.2418748e-14
  -2.7135678e+01   7.2075510e-15
  -2.6633166e+01   1.1653607e-14
  -2.6130653e+01   1.5711165e-14
  -2.5628141e+01   7.7365897e-15
  -2.5125628e+01   3.2188904e-15
  -2.4623116e+01   1.2517409e-15
  -2.4120603e+01   1.5746605e-15
  -2.3618090e+01   1.1175824e-15
  -2.3115578e+01   1.2431689e-15
  -2.2613065e+01   8.2156205e-16
  -2.2110553e+01   3.0192567e-16
  -2.1608040e+01   2.1895377e-16
  -2.1105528e+01   1.3297270e-16
  -2.0603015e+01   1.3137913e-16
  -2.0100503e+01   1.2907089e-16
  -1.9597990e+01   1.0773088e-16
  -1.9095477e+01   9.8419014e-17
  -1.8592965e+01   9.2051007e-17
  -1.8090452e+01   1.0112372e-16
  -1.7587940e+01   2.4741157e-16
  -1.7085427e+01   5.8897499e-16
  -1.6582915e+01   1.1787866e-15
  -1.6080402e+01   1.7195078e-15
  -1.5577889e+01   1.6537733e-15
  -1.5075377e+01   1.5454026e-15
  -1.4572864e+01   9.4975936e-16
  -1.4070352e+01   7.0407402e-16
  -1.3567839e+01   5.7015644e-16
  -1.3065327e+01   5.1154903e-16
  -1.2562814e+01   2.8050762e-16
  -1.2060302e+01   2.0993105e-16
  -1.1557789e+01   3.2439225e-16
  -1.1055276e+01   5.0835702e-16
  -1.0552764e+01   5.4825266e-16
  -1.0050251e+01   5.7551298e-16
  -9.5477387e+00   6.0632180e-16
  -9.0452261e+00   1.2540855e-15
  -8.5427136e+00   8.5706628e-16
  -8.0402010e+00   8.8379121e-16
  -7.5376884e+00   9.4626899e-16
  -7.0351759e+00   4.6318656e-16
  -6.5326633e+00   3.0039825e-16
  -6.0301508e+00   2.8682583e-16
  -5.5276382e+00   2.7946479e-16
  -5.0251256e+00   2.6947138e-16
  -4.5226131e+00   3.1564910e-16
  -4.0201005e+00   3.1877145e-16
  -3.5175879e+00   2.3406828e-16
  -3.0150754e+00   1.4188697e-16
  -2.5125628e+00   1.2237971e-16
  -2.0100503e+00   1.1529638e-16
  -1.5075377e+00   1.5803416e-16
  -1.0050251e+00   5.5848119e-17
  -5.0251256e-01   2.3682719e-17
   0.0000000e+00   2.1100000e-17
