-1.0992e+02 3.9400e-01
-1.0942e+02 4.0850e-01
-1.0892e+02 4.1086e-01
-1.0843e+02 4.2577e-01
-1.0793e+02 4.3132e-01
-1.0743e+02 4.2796e-01
-1.0694e+02 4.2731e-01
-1.0644e+02 4.2968e-01
-1.0594e+02 4.3735e-01
-1.0545e+02 4.4426e-01
-1.0495e+02 4.4493e-01
-1.0445e+02 4.4202e-01
-1.0395e+02 4.3924e-01
-1.0346e+02 4.4463e-01
-1.0296e+02 4.5792e-01
-1.0246e+02 4.6632e-01
-1.0197e+02 4.6813e-01
-1.0147e+02 4.6245e-01
-1.0097e+02 4.5646e-01
-1.0047e+02 4.5206e-01
-9.9978e+01 4.4198e-01
-9.9481e+01 4.2989e-01
-9.8984e+01 4.1606e-01
-9.8487e+01 4.0068e-01
-9.7990e+01 3.9079e-01
-9.7493e+01 3.8317e-01
-9.6996e+01 3.7905e-01
-9.6499e+01 3.7802e-01
-9.6002e+01 3.7692e-01
-9.5505e+01 3.8008e-01
-9.5007e+01 3.8352e-01
-9.4510e+01 3.8600e-01
-9.4013e+01 3.8729e-01
-9.3516e+01 3.8269e-01
-9.3019e+01 3.7886e-01
-9.2522e+01 3.7546e-01
-9.2025e+01 3.7229e-01
-9.1528e+01 3.7213e-01
-9.1031e+01 3.7201e-01
-9.0534e+01 3.7195e-01
-9.0037e+01 3.7166e-01
-8.9540e+01 3.7203e-01
-8.9043e+01 3.7332e-01
-8.8546e+01 3.7349e-01
-8.8049e+01 3.7195e-01
-8.7552e+01 3.6849e-01
-8.7055e+01 3.6826e-01
-8.6558e+01 3.7000e-01
-8.6061e+01 3.6996e-01
-8.5564e+01 3.6885e-01
-8.5067e+01 3.6374e-01
-8.4570e+01 3.6436e-01
-8.4073e+01 3.6549e-01
-8.3576e+01 3.6597e-01
-8.3079e+01 3.6464e-01
-8.2582e+01 3.5856e-01
-8.2084e+01 3.5372e-01
-8.1587e+01 3.4993e-01
-8.1090e+01 3.4858e-01
-8.0593e+01 3.5057e-01
-8.0096e+01 3.4718e-01
-7.9599e+01 3.4533e-01
-7.9102e+01 3.4630e-01
-7.8605e+01 3.4842e-01
-7.8108e+01 3.4893e-01
-7.7611e+01 3.4806e-01
-7.7114e+01 3.5038e-01
-7.6617e+01 3.5242e-01
-7.6120e+01 3.5418e-01
-7.5623e+01 3.5451e-01
-7.5126e+01 3.5325e-01
-7.4629e+01 3.5083e-01
-7.4132e+01 3.4818e-01
-7.3635e+01 3.4521e-01
-7.3138e+01 3.4024e-01
-7.2641e+01 3.3352e-01
-7.2144e+01 3.2708e-01
-7.1647e+01 3.2419e-01
-7.1150e+01 3.2016e-01
-7.0653e+01 3.1825e-01
-7.0156e+01 3.1613e-01
-6.9658e+01 3.1447e-01
-6.9161e+01 3.1382e-01
-6.8664e+01 3.1193e-01
-6.8167e+01 3.1055e-01
-6.7670e+01 3.0924e-01
-6.7173e+01 3.0595e-01
-6.6676e+01 3.0671e-01
-6.6179e+01 3.0756e-01
-6.5682e+01 3.0807e-01
-6.5185e+01 3.0663e-01
-6.4688e+01 3.0969e-01
-6.4191e+01 3.2236e-01
-6.3694e+01 3.3905e-01
-6.3197e+01 3.5087e-01
-6.2700e+01 3.6039e-01
-6.2203e+01 3.6734e-01
-6.1706e+01 3.7052e-01
-6.1209e+01 3.7472e-01
-6.0712e+01 3.8883e-01
-6.0215e+01 4.0102e-01
-5.9718e+01 3.9901e-01
-5.9221e+01 3.9050e-01
-5.8724e+01 3.8479e-01
-5.8227e+01 3.8829e-01
-5.7730e+01 3.9217e-01
-5.7233e+01 3.9546e-01
-5.6735e+01 4.0044e-01
-5.6238e+01 4.0313e-01
-5.5741e+01 4.0092e-01
-5.5244e+01 4.0362e-01
-5.4747e+01 4.0618e-01
-5.4250e+01 4.0932e-01
-5.3753e+01 4.0671e-01
-5.3256e+01 4.0274e-01
-5.2759e+01 4.0196e-01
-5.2262e+01 3.9982e-01
-5.1765e+01 3.9316e-01
-5.1268e+01 3.9016e-01
-5.0771e+01 3.8895e-01
-5.0274e+01 3.8993e-01
-4.9777e+01 3.9008e-01
-4.9280e+01 3.9242e-01
-4.8783e+01 3.9585e-01
-4.8286e+01 3.9854e-01
-4.7789e+01 3.9995e-01
-4.7292e+01 4.0210e-01
-4.6795e+01 4.0169e-01
-4.6298e+01 4.0297e-01
-4.5801e+01 4.0271e-01
-4.5304e+01 4.0680e-01
-4.4807e+01 4.0818e-01
-4.4310e+01 4.0753e-01
-4.3812e+01 4.0862e-01
-4.3315e+01 4.0829e-01
-4.2818e+01 4.0527e-01
-4.2321e+01 4.0494e-01
-4.1824e+01 4.0506e-01
-4.1327e+01 4.0920e-01
-4.0830e+01 4.0803e-01
-4.0333e+01 4.0916e-01
-3.9836e+01 4.1218e-01
-3.9339e+01 4.1425e-01
-3.8842e+01 4.1802e-01
-3.8345e+01 4.2206e-01
-3.7848e+01 4.2404e-01
-3.7351e+01 4.2366e-01
-3.6854e+01 4.2345e-01
-3.6357e+01 4.2748e-01
-3.5860e+01 4.2728e-01
-3.5363e+01 4.3419e-01
-3.4866e+01 4.4058e-01
-3.4369e+01 4.4749e-01
-3.3872e+01 4.5491e-01
-3.3375e+01 4.6191e-01
-3.2878e+01 4.6854e-01
-3.2381e+01 4.7292e-01
-3.1884e+01 4.7612e-01
-3.1387e+01 4.8058e-01
-3.0889e+01 4.7884e-01
-3.0392e+01 4.7716e-01
-2.9895e+01 4.7583e-01
-2.9398e+01 4.7568e-01
-2.8901e+01 4.7794e-01
-2.8404e+01 4.8156e-01
-2.7907e+01 4.8533e-01
-2.7410e+01 4.8823e-01
-2.6913e+01 4.8977e-01
-2.6416e+01 4.8819e-01
-2.5919e+01 4.8341e-01
-2.5422e+01 4.7847e-01
-2.4925e+01 4.7329e-01
-2.4428e+01 4.6867e-01
-2.3931e+01 4.6541e-01
-2.3434e+01 4.6382e-01
-2.2937e+01 4.6480e-01
-2.2440e+01 4.6802e-01
-2.1943e+01 4.7486e-01
-2.1446e+01 4.8285e-01
-2.0949e+01 4.8908e-01
-2.0452e+01 4.9507e-01
-1.9955e+01 5.0027e-01
-1.9458e+01 5.0605e-01
-1.8961e+01 5.1195e-01
-1.8463e+01 5.1346e-01
-1.7966e+01 5.1127e-01
-1.7469e+01 5.0771e-01
-1.6972e+01 5.0470e-01
-1.6475e+01 5.0237e-01
-1.5978e+01 4.9912e-01
-1.5481e+01 4.9619e-01
-1.4984e+01 4.9221e-01
-1.4487e+01 4.8668e-01
-1.3990e+01 4.8415e-01
-1.3493e+01 4.8172e-01
-1.2996e+01 4.7730e-01
-1.2499e+01 4.7735e-01
-1.2002e+01 4.7762e-01
-1.1505e+01 4.6885e-01
-1.1008e+01 4.4500e-01
