-1.0158e+01 0.0000e+00
-1.1420e+01 0.0000e+00
-1.1890e+01 8.5200e-02
-1.2520e+01 2.3300e-01
-1.3000e+01 4.4800e-03
-1.4890e+01 0.0000e+00
-1.5840e+01 2.0200e-01
-1.6470e+01 1.7900e-02
-1.7260e+01 2.6000e-01
-1.7410e+01 4.4800e-03
-1.8680e+01 4.4800e-03
-1.9620e+01 2.5100e-01
-1.9940e+01 8.9700e-03
-2.1200e+01 2.2900e-01
-2.1200e+01 1.7900e-02
-2.3600e+01 0.0000e+00
-2.4000e+01 2.3800e-01
-2.5000e+01 7.1700e-02
-2.5800e+01 4.3500e-01
-2.6200e+01 0.0000e+00
-2.6900e+01 3.9900e-01
-2.7200e+01 4.4800e-03
-3.0500e+01 4.4800e-03
-3.1600e+01 3.3200e-01
-3.2200e+01 0.0000e+00
-3.4300e+01 0.0000e+00
-3.4000e+01 4.8000e-01
-3.4400e+01 4.4800e-03
-3.4400e+01 7.1700e-01
-3.5100e+01 6.0100e-01
-3.5400e+01 4.7100e-01
-3.5600e+01 7.0400e-01
-3.5900e+01 8.9700e-03
-3.6300e+01 6.9500e-01
-3.6700e+01 8.9700e-03
-3.7100e+01 7.4000e-01
-3.7400e+01 8.9700e-03
-3.7800e+01 7.1300e-01
-3.8400e+01 4.4800e-03
-3.8400e+01 7.1700e-01
-3.9200e+01 4.4800e-03
-3.9200e+01 7.6700e-01
-4.0000e+01 4.4800e-03
-3.9800e+01 7.4400e-01
-4.0800e+01 4.4800e-03
-4.0800e+01 7.2200e-01
-4.1200e+01 0.0000e+00
-4.1700e+01 6.9100e-01
-4.2300e+01 0.0000e+00
-4.2600e+01 7.9400e-01
-4.3000e+01 8.9700e-03
-4.3800e+01 8.9700e-03
-4.3600e+01 6.8600e-01
-4.4100e+01 4.4800e-03
-4.4500e+01 8.1200e-01
-4.5000e+01 4.3500e-01
-4.5300e+01 4.7500e-01
-4.5600e+01 8.9700e-03
-4.6100e+01 7.2200e-01
-4.6800e+01 4.4800e-03
-4.7400e+01 4.4800e-03
-4.7400e+01 7.6700e-01
-4.7900e+01 8.9700e-03
-4.7900e+01 6.0500e-01
-4.8200e+01 8.9700e-03
-4.9000e+01 7.0900e-01
-4.9600e+01 1.3500e-02
-4.9400e+01 4.8400e-01
-5.0400e+01 0.0000e+00
-4.9900e+01 5.9200e-01
-5.1000e+01 4.4800e-03
-5.1000e+01 5.5600e-01
-5.1500e+01 8.9700e-03
-5.1600e+01 4.8000e-01
-5.2300e+01 8.9700e-03
-5.2000e+01 6.3700e-01
-5.2700e+01 8.9700e-03
-5.3100e+01 5.9600e-01
-5.3700e+01 3.3600e-01
-5.4300e+01 5.5200e-01
-5.4800e+01 4.4800e-03
-5.5400e+01 4.4800e-03
-5.5700e+01 4.7500e-01
-5.6200e+01 2.6000e-01
-5.7000e+01 2.5100e-01
-5.7500e+01 4.7500e-01
-5.8100e+01 3.0000e-01
-5.8900e+01 2.5600e-01
-5.9700e+01 3.7700e-01
-6.0300e+01 3.0900e-01
-6.0800e+01 5.2500e-01
-6.1300e+01 4.4800e-03
-6.1900e+01 4.3900e-01
-6.2500e+01 3.1800e-01
-6.4100e+01 5.7400e-01
-6.5000e+01 4.7100e-01
-6.6500e+01 5.2900e-01
-6.6800e+01 3.6800e-01
-6.7100e+01 5.1100e-01
-6.8700e+01 6.4100e-01
-6.9100e+01 4.4800e-03
-6.9900e+01 3.7700e-01
-7.0400e+01 3.2300e-01
-7.1400e+01 5.8300e-01
-7.2100e+01 5.6500e-01
-7.3900e+01 6.7300e-01
-7.5000e+01 6.4600e-01
-7.5000e+01 7.3500e-01
-7.6200e+01 7.0400e-01
-7.6200e+01 7.8000e-01
-7.6700e+01 5.3400e-01
-7.8100e+01 6.7700e-01
-7.9200e+01 6.8200e-01
-7.9400e+01 7.9400e-01
-7.9900e+01 5.1600e-01
-8.0200e+01 7.4000e-01
-8.0800e+01 7.7100e-01
-8.1500e+01 7.0000e-01
-8.1900e+01 7.8500e-01
-8.2700e+01 7.6200e-01
-8.2700e+01 8.5200e-01
-8.3300e+01 6.8200e-01
-8.3500e+01 8.0300e-01
-8.4100e+01 8.3000e-01
-8.4600e+01 7.3100e-01
-8.5100e+01 8.1600e-01
-8.5600e+01 7.1700e-01
-8.5900e+01 8.5200e-01
-8.6700e+01 6.8200e-01
-8.6800e+01 8.4300e-01
-8.7600e+01 6.0500e-01
-8.8400e+01 5.7800e-01
-8.8700e+01 4.6200e-01
-8.9700e+01 5.6500e-01
-9.0300e+01 7.1700e-01
-9.0800e+01 7.3100e-01
-9.1400e+01 4.4800e-03
-1.0980e+02 0.0000e+00
