  -9.9800000e+01   0.0000000e+00
  -9.9299286e+01   1.2191287e-04
  -9.8798573e+01   2.4382574e-04
  -9.8297859e+01   3.6573861e-04
  -9.7797146e+01   4.8765147e-04
  -9.7296432e+01   6.0956434e-04
  -9.6795719e+01   7.3147721e-04
  -9.6295005e+01   8.5339008e-04
  -9.5794291e+01   9.7530295e-04
  -9.5293578e+01   1.0972158e-03
  -9.4792864e+01   1.2191287e-03
  -9.4292151e+01   1.3410416e-03
  -9.3791437e+01   1.4629544e-03
  -9.3290724e+01   1.5848673e-03
  -9.2790010e+01   1.7067802e-03
  -9.2289296e+01   1.8286930e-03
  -9.1788583e+01   1.9506059e-03
  -9.1287869e+01   2.0725188e-03
  -9.0787156e+01   2.1944316e-03
  -9.0286442e+01   2.3163445e-03
  -8.9785729e+01   2.4382574e-03
  -8.9285015e+01   2.5601702e-03
  -8.8784302e+01   2.6820831e-03
  -8.8283588e+01   2.8039960e-03
  -8.7782874e+01   2.9259088e-03
  -8.7282161e+01   3.0478217e-03
  -8.6781447e+01   3.1697346e-03
  -8.6280734e+01   3.2916475e-03
  -8.5780020e+01   3.4135603e-03
  -8.5279307e+01   3.5354732e-03
  -8.4778593e+01   3.6573861e-03
  -8.4277879e+01   3.7792989e-03
  -8.3777166e+01   3.9012118e-03
  -8.3276452e+01   2.1025925e-02
  -8.2775739e+01   1.0177096e-01
  -8.2275025e+01   1.8024791e-01
  -8.1774312e+01   2.4461715e-01
  -8.1273598e+01   3.0204887e-01
  -8.0772884e+01   3.5373664e-01
  -8.0272171e+01   4.1798837e-01
  -7.9771457e+01   4.8410422e-01
  -7.9270744e+01   5.6181689e-01
  -7.8770030e+01   6.3210769e-01
  -7.8269317e+01   6.3698391e-01
  -7.7768603e+01   6.4605469e-01
  -7.7267889e+01   6.6830141e-01
  -7.6767176e+01   6.9476231e-01
  -7.6266462e+01   7.3125036e-01
  -7.5765749e+01   7.5707477e-01
  -7.5265035e+01   7.6682287e-01
  -7.4764322e+01   7.7237859e-01
  -7.4263608e+01   7.7065361e-01
  -7.3762894e+01   7.6855714e-01
  -7.3262181e+01   7.6109317e-01
  -7.2761467e+01   7.5948635e-01
  -7.2260754e+01   7.5771488e-01
  -7.1760040e+01   7.3524811e-01
  -7.1259327e+01   7.2400302e-01
  -7.0758613e+01   7.2321838e-01
  -7.0257899e+01   7.1476287e-01
  -6.9757186e+01   6.9999221e-01
  -6.9256472e+01   6.8169106e-01
  -6.8755759e+01   6.6113469e-01
  -6.8255045e+01   6.5195617e-01
  -6.7754332e+01   6.4521506e-01
  -6.7253618e+01   6.5218346e-01
  -6.6752905e+01   6.4535130e-01
  -6.6252191e+01   6.4362293e-01
  -6.5751477e+01   6.4209100e-01
  -6.5250764e+01   6.4122235e-01
  -6.4750050e+01   6.4269831e-01
  -6.4249337e+01   6.4651888e-01
  -6.3748623e+01   6.3405818e-01
  -6.3247910e+01   6.1854629e-01
  -6.2747196e+01   5.9125835e-01
  -6.2246482e+01   5.5656425e-01
  -6.1745769e+01   5.1650067e-01
  -6.1245055e+01   4.5058717e-01
  -6.0744342e+01   4.4404344e-01
  -6.0243628e+01   4.4402746e-01
  -5.9742915e+01   4.4282923e-01
  -5.9242201e+01   4.3707513e-01
  -5.8741487e+01   4.2132171e-01
  -5.8240774e+01   4.3313697e-01
  -5.7740060e+01   4.5087221e-01
  -5.7239347e+01   4.7046012e-01
  -5.6738633e+01   5.1829820e-01
  -5.6237920e+01   5.1647170e-01
  -5.5737206e+01   5.0667263e-01
  -5.5236492e+01   4.9249232e-01
  -5.4735779e+01   4.7393077e-01
  -5.4235065e+01   4.7071639e-01
  -5.3734352e+01   4.4828353e-01
  -5.3233638e+01   4.0128702e-01
  -5.2732925e+01   4.0291435e-01
  -5.2232211e+01   3.8244409e-01
  -5.1731497e+01   3.6191200e-01
  -5.1230784e+01   3.3859012e-01
  -5.0730070e+01   3.1971468e-01
  -5.0229357e+01   3.1280072e-01
  -4.9728643e+01   3.1692748e-01
  -4.9227930e+01   3.2080118e-01
  -4.8727216e+01   3.4053054e-01
  -4.8226503e+01   3.1441315e-01
  -4.7725789e+01   3.3087225e-01
  -4.7225075e+01   2.8984183e-01
  -4.6724362e+01   2.6593439e-01
  -4.6223648e+01   2.9459913e-01
  -4.5722935e+01   3.0017542e-01
  -4.5222221e+01   3.1518981e-01
  -4.4721508e+01   2.8013551e-01
  -4.4220794e+01   2.7198627e-01
  -4.3720080e+01   3.0157264e-01
  -4.3219367e+01   2.5060443e-01
  -4.2718653e+01   2.5036865e-01
  -4.2217940e+01   2.6464715e-01
  -4.1717226e+01   2.3248729e-01
  -4.1216513e+01   2.5977487e-01
  -4.0715799e+01   2.5016837e-01
  -4.0215085e+01   2.4831589e-01
  -3.9714372e+01   2.2904030e-01
  -3.9213658e+01   1.7109238e-01
  -3.8712945e+01   1.8111633e-01
  -3.8212231e+01   2.4861940e-01
  -3.7711518e+01   2.4250735e-01
  -3.7210804e+01   2.6791619e-01
  -3.6710090e+01   2.7535249e-01
  -3.6209377e+01   2.4887604e-01
  -3.5708663e+01   2.8311469e-01
  -3.5207950e+01   3.0901679e-01
  -3.4707236e+01   3.7397930e-01
  -3.4206523e+01   3.7556843e-01
  -3.3705809e+01   3.8420304e-01
  -3.3205095e+01   3.6633270e-01
  -3.2704382e+01   3.1541641e-01
  -3.2203668e+01   2.4305375e-01
  -3.1702955e+01   2.8764738e-01
  -3.1202241e+01   2.5172066e-01
  -3.0701528e+01   2.2550773e-01
  -3.0200814e+01   1.8705439e-01
  -2.9700101e+01   2.3385480e-01
  -2.9199387e+01   2.1354095e-01
  -2.8698673e+01   2.1499019e-01
  -2.8197960e+01   2.7172554e-01
  -2.7697246e+01   3.2515174e-01
  -2.7196533e+01   3.1843346e-01
  -2.6695819e+01   3.4617305e-01
  -2.6195106e+01   3.6483060e-01
  -2.5694392e+01   3.8201736e-01
  -2.5193678e+01   3.5224782e-01
  -2.4692965e+01   3.1068379e-01
  -2.4192251e+01   3.0954228e-01
  -2.3691538e+01   2.8374566e-01
  -2.3190824e+01   2.5307944e-01
  -2.2690111e+01   1.9750485e-01
  -2.2189397e+01   1.6976527e-01
  -2.1688683e+01   1.5110771e-01
  -2.1187970e+01   1.0741178e-01
  -2.0687256e+01   7.8551807e-02
  -2.0186543e+01   6.4527790e-02
  -1.9685829e+01   6.4373679e-02
  -1.9185116e+01   3.6026907e-02
  -1.8684402e+01   4.3267165e-02
  -1.8183688e+01   3.8890291e-02
  -1.7682975e+01   8.0676932e-02
  -1.7182261e+01   9.7198400e-02
  -1.6681548e+01   1.1060432e-01
  -1.6180834e+01   1.3326231e-01
  -1.5680121e+01   1.3787270e-01
  -1.5179407e+01   1.4186425e-01
  -1.4678693e+01   1.4857233e-01
  -1.4177980e+01   1.3318062e-01
  -1.3677266e+01   1.5127954e-01
  -1.3176553e+01   1.3392924e-01
  -1.2675839e+01   1.3212877e-01
  -1.2175126e+01   1.2372850e-01
  -1.1674412e+01   1.2412879e-01
  -1.1173698e+01   1.3382135e-01
  -1.0672985e+01   1.2982980e-01
  -1.0172271e+01   1.2052976e-01
  -9.6715578e+00   1.0592124e-01
  -9.1708442e+00   1.1126233e-01
  -8.6701307e+00   9.5034484e-02
  -8.1694171e+00   9.1656944e-02
  -7.6687035e+00   1.0448352e-01
  -7.1679899e+00   8.7427739e-02
  -6.6672764e+00   7.2686427e-02
  -6.1665628e+00   7.2379936e-02
  -5.6658492e+00   7.2205320e-02
  -5.1651357e+00   7.2162579e-02
  -4.6644221e+00   6.4806903e-02
  -4.1637085e+00   7.2627659e-02
  -3.6629950e+00   6.5623303e-02
  -3.1622814e+00   4.7293298e-02
  -2.6615678e+00   4.0793016e-02
  -2.1608543e+00   4.0733605e-02
  -1.6601407e+00   5.1710344e-02
  -1.1594271e+00   3.8455032e-02
  -6.5871357e-01   0.0000000e+00
  -1.5800000e-01   0.0000000e+00
