 3.03919597989950e+003    1.22469135802469e+007
 5.21005025125628e+003    1.23456790123457e+007
 6.94673366834171e+003    1.29382716049383e+007
 1.08542713567839e+004    1.23456790123457e+007
 1.47618090452261e+004    1.22469135802469e+007
 1.82351758793970e+004    1.23580246913580e+007
 2.04060301507538e+004    1.19135802469136e+007
 2.25768844221106e+004    1.11481481481481e+007
 2.56160804020101e+004    1.05185185185185e+007
 3.34311557788945e+004    9.92592592592593e+006
 3.42994974874372e+004    8.93827160493827e+006
 3.73386934673367e+004    8.32098765432099e+006
 3.82070351758794e+004    7.39506172839506e+006
 3.99437185929648e+004    6.93827160493827e+006
 4.08120603015075e+004    6.55555555555556e+006
 4.21145728643216e+004    6.30864197530864e+006
 4.47195979899497e+004    5.93827160493827e+006
 4.86271356783920e+004    6.53086419753086e+006
 4.86271356783920e+004    5.40740740740741e+006
 4.94954773869347e+004    4.53086419753086e+006
 5.21005025125628e+004    5.53086419753086e+006
 5.38371859296482e+004    4.24691358024691e+006
 5.68763819095477e+004    5.22222222222222e+006
 5.77447236180905e+004    4.29629629629630e+006
 5.99155778894472e+004    5.00000000000000e+006
 6.12180904522613e+004    4.13580246913580e+006
 6.33889447236181e+004    4.97530864197531e+006
 6.42572864321608e+004    3.93827160493827e+006
 6.64281407035176e+004    4.83950617283951e+006
 6.81648241206030e+004    3.96296296296296e+006
 7.07698492462312e+004    4.83950617283951e+006
 7.20723618090452e+004    4.23456790123457e+006
 7.42432160804020e+004    4.79012345679012e+006
 7.46773869346734e+004    3.97530864197531e+006
 7.68482412060302e+004    4.60493827160494e+006
 7.72824120603015e+004    4.02469135802469e+006
 8.03216080402010e+004    4.60493827160494e+006
 7.98874371859296e+004    3.93827160493827e+006
 8.20582914572864e+004    4.53086419753086e+006
 8.29266331658291e+004    3.82716049382716e+006
 8.50974874371859e+004    4.44444444444444e+006
 8.59658291457286e+004    3.93827160493827e+006
 8.72683417085427e+004    4.54320987654321e+006
 8.85708542713568e+004    3.69135802469136e+006
 8.94391959798995e+004    4.39506172839506e+006
 9.07417085427136e+004    3.75308641975309e+006
 9.16100502512563e+004    4.40740740740741e+006
 9.33467336683417e+004    3.70370370370370e+006
 9.37809045226131e+004    4.40740740740741e+006
 9.50834170854271e+004    3.79012345679012e+006
 9.63859296482412e+004    5.23456790123457e+006
 9.81226130653266e+004    3.69135802469136e+006
 9.94251256281407e+004    4.43209876543210e+006
 1.01595979899497e+005    3.77777777777778e+006
 1.01595979899497e+005    4.74074074074074e+006
 1.02898492462312e+005    3.92592592592593e+006
 1.04201005025126e+005    4.72839506172840e+006
 1.05503517587940e+005    3.70370370370370e+006
 1.06806030150754e+005    4.45679012345679e+006
 1.07674371859296e+005    3.95061728395062e+006
 1.07674371859296e+005    4.49382716049383e+006
 1.08976884422111e+005    4.13580246913580e+006
 1.10279396984925e+005    4.60493827160494e+006
 1.11581909547739e+005    4.23456790123457e+006
 1.12450251256281e+005    4.54320987654321e+006
 1.12884422110553e+005    4.35802469135803e+006
 1.14186934673367e+005    4.66666666666667e+006
 1.15055276381910e+005    4.45679012345679e+006
 1.15923618090452e+005    4.62962962962963e+006
 1.16791959798995e+005    4.49382716049383e+006
 1.16791959798995e+005    4.65432098765432e+006
 1.18528643216080e+005    4.56790123456790e+006
 1.20265326633166e+005    4.93827160493827e+006
 1.20699497487437e+005    4.24691358024691e+006
 1.22870351758794e+005    4.56790123456790e+006
 1.22870351758794e+005    4.17283950617284e+006
 1.24607035175879e+005    4.59259259259259e+006
 1.25475376884422e+005    4.19753086419753e+006
 1.25909547738693e+005    4.61728395061728e+006
 1.27212060301508e+005    4.23456790123457e+006
 1.28080402010050e+005    4.55555555555556e+006
 1.29382914572864e+005    4.14814814814815e+006
 1.30251256281407e+005    4.48148148148148e+006
 1.31553768844221e+005    4.30864197530864e+006
 1.32422110552764e+005    4.66666666666667e+006
 1.33724623115578e+005    4.22222222222222e+006
 1.35027135678392e+005    4.59259259259259e+006
 1.35895477386935e+005    4.24691358024691e+006
 1.36763819095477e+005    4.46913580246914e+006
 1.38066331658291e+005    4.25925925925926e+006
 1.38500502512563e+005    4.55555555555556e+006
 1.39368844221106e+005    4.65432098765432e+006
 1.40237185929648e+005    4.30864197530864e+006
 1.42408040201005e+005    4.58024691358025e+006
 1.42842211055276e+005    4.37037037037037e+006
 1.44578894472362e+005    4.55555555555556e+006
 1.45013065326633e+005    4.34567901234568e+006
 1.46315577889447e+005    4.50617283950617e+006
 1.48052261306533e+005    4.00000000000000e+006
 1.49354773869347e+005    4.43209876543210e+006
 1.50223115577889e+005    4.04938271604938e+006
 1.51525628140704e+005    4.39506172839506e+006
 1.52393969849246e+005    4.03703703703704e+006
 1.53262311557789e+005    4.39506172839506e+006
 1.54130653266332e+005    4.17283950617284e+006
 1.54564824120603e+005    4.65432098765432e+006
 1.56301507537688e+005    4.12345679012346e+006
 1.56735678391960e+005    4.67901234567901e+006
 1.57604020100503e+005    4.12345679012346e+006
 1.60209045226131e+005    4.37037037037037e+006
 1.61511557788945e+005    3.92592592592593e+006
 1.62814070351759e+005    4.48148148148148e+006
 1.64116582914573e+005    4.18518518518519e+006
 1.65853266331658e+005    4.50617283950617e+006
 1.66287437185930e+005    4.06172839506173e+006
 1.68458291457286e+005    4.53086419753086e+006
 1.70194974874372e+005    4.16049382716049e+006
 1.70629145728643e+005    4.70370370370370e+006
 1.72800000000000e+005    4.14814814814815e+006
 1.73234170854271e+005    4.75308641975309e+006
 1.74536683417085e+005    4.12345679012346e+006
 1.75405025125628e+005    4.86419753086420e+006
 1.76707537688442e+005    4.12345679012346e+006
 1.78878391959799e+005    4.48148148148148e+006
 1.79746733668342e+005    4.28395061728395e+006
 1.81917587939698e+005    4.55555555555556e+006
 1.83654271356784e+005    4.24691358024691e+006
 1.84956783919598e+005    4.51851851851852e+006
 1.86259296482412e+005    4.27160493827160e+006
 1.86693467336683e+005    4.60493827160494e+006
 1.88430150753769e+005    4.23456790123457e+006
 1.90166834170854e+005    4.54320987654321e+006
 1.91035175879397e+005    4.25925925925926e+006
 1.94942713567839e+005    4.59259259259259e+006
 1.95811055276382e+005    4.12345679012346e+006
 1.97547738693467e+005    4.43209876543210e+006
 1.99284422110553e+005    4.18518518518519e+006
 2.00586934673367e+005    4.40740740740741e+006
 2.01889447236181e+005    4.20987654320988e+006
 2.04060301507538e+005    4.44444444444444e+006
 2.05796984924623e+005    4.01234567901235e+006
 2.07533668341709e+005    4.41975308641975e+006
 2.08836180904523e+005    4.16049382716049e+006
 2.09704522613065e+005    4.81481481481481e+006
 2.11441206030151e+005    4.22222222222222e+006
 2.13177889447236e+005    4.45679012345679e+006
 2.14914572864322e+005    4.24691358024691e+006
 2.15782914572864e+005    4.48148148148148e+006
 2.18387939698492e+005    4.17283950617284e+006
 2.18822110552764e+005    4.50617283950617e+006
 2.20992964824121e+005    4.30864197530864e+006
 2.22729648241206e+005    5.35802469135802e+006
 2.23163819095477e+005    5.62962962962963e+006
 2.25334673366834e+005    5.19753086419753e+006
 2.27071356783920e+005    3.98765432098765e+006
 2.28373869346734e+005    4.50617283950617e+006
 2.30978894472362e+005    4.29629629629630e+006
 2.32715577889447e+005    4.55555555555556e+006
 2.34886432160804e+005    4.28395061728395e+006
 2.37491457286432e+005    4.59259259259259e+006
 2.39228140703518e+005    4.38271604938272e+006
 2.41833165829146e+005    4.74074074074074e+006
 2.46174874371859e+005    4.39506172839506e+006
 2.46609045226131e+005    4.85185185185185e+006
 2.48779899497487e+005    4.43209876543210e+006
 2.50516582914573e+005    4.79012345679012e+006
 2.51819095477387e+005    4.50617283950617e+006
 2.53989949748744e+005    4.81481481481481e+006
 2.55292462311558e+005    4.51851851851852e+006
 2.58331658291457e+005    4.83950617283951e+006
 2.57897487437186e+005    4.49382716049383e+006
 2.60936683417085e+005    4.67901234567901e+006
 2.62239195979899e+005    4.49382716049383e+006
 2.64410050251256e+005    4.04938271604938e+006
 2.65712562814070e+005    4.59259259259259e+006
 2.67449246231156e+005    4.20987654320988e+006
 2.69185929648241e+005    4.65432098765432e+006
 2.70054271356784e+005    4.40740740740741e+006
 2.71790954773869e+005    4.60493827160494e+006
 2.73961809045226e+005    4.04938271604938e+006
 2.73961809045226e+005    4.54320987654321e+006
 2.77001005025126e+005    4.16049382716049e+006
 2.79606030150754e+005    5.02469135802469e+006
 2.80908542713568e+005    4.25925925925926e+006
 2.83513567839196e+005    4.62962962962963e+006
 2.85250251256281e+005    4.30864197530864e+006
 2.87855276381910e+005    4.67901234567901e+006
 2.89591959798995e+005    4.39506172839506e+006
 2.93933668341709e+005    5.01234567901235e+006
 2.95670351758794e+005    4.37037037037037e+006
 2.97841206030151e+005    4.66666666666667e+006
 2.98709547738693e+005    4.45679012345679e+006
 3.03051256281407e+005    4.75308641975309e+006
 3.07827135678392e+005    4.51851851851852e+006
 3.10866331658291e+005    4.77777777777778e+006
 3.13037185929648e+005    4.59259259259259e+006
 3.15208040201005e+005    4.86419753086420e+006
 3.19983919597990e+005    4.66666666666667e+006
 3.23891457286432e+005    4.83950617283951e+006
 3.27798994974874e+005    4.23456790123457e+006
 3.30404020100502e+005    4.62962962962963e+006
 3.32574874371859e+005    4.33333333333333e+006
 3.38219095477387e+005    4.61728395061728e+006
 3.39521608040201e+005    4.39506172839506e+006
 3.44297487437186e+005    4.71604938271605e+006
 3.44297487437186e+005    4.38271604938272e+006
 3.50375879396985e+005    4.80246913580247e+006
 3.52546733668342e+005    3.75308641975309e+006
 3.56888442211055e+005    4.59259259259259e+006
 3.59927638190955e+005    4.30864197530864e+006
 3.63835175879397e+005    4.56790123456790e+006
 3.66440201005025e+005    4.28395061728395e+006
 3.68176884422111e+005    4.51851851851852e+006
 3.70781909547739e+005    3.75308641975309e+006
 3.72518592964824e+005    4.25925925925926e+006
 3.74255276381910e+005    3.67901234567901e+006
 3.75123618090452e+005    4.18518518518519e+006
 3.79031155778894e+005    3.80246913580247e+006
 3.81636180904523e+005    4.27160493827160e+006
 3.86846231155779e+005    3.75308641975309e+006
 3.88148743718593e+005    4.20987654320988e+006
 3.90319597989950e+005    3.77777777777778e+006
 3.91622110552764e+005    4.19753086419753e+006
 3.92490452261307e+005    3.87654320987654e+006
 3.95095477386935e+005    4.23456790123457e+006
 3.95963819095477e+005    3.76543209876543e+006
 3.99437185929648e+005    4.22222222222222e+006
 4.01173869346734e+005    3.91358024691358e+006
 4.04647236180905e+005    4.22222222222222e+006
 4.06818090452261e+005    3.75308641975309e+006
 4.07686432160804e+005    4.20987654320988e+006
 4.11593969849246e+005    3.80246913580247e+006
 4.13330653266332e+005    4.40740740740741e+006
 4.15067336683417e+005    4.01234567901235e+006
 4.18974874371859e+005    4.20987654320988e+006
 4.20277386934673e+005    3.76543209876543e+006
 4.23750753768844e+005    4.20987654320988e+006
 4.26789949748744e+005    3.75308641975309e+006
 4.30697487437186e+005    4.12345679012346e+006
 4.33302512562814e+005    3.90123456790123e+006
 4.36341708542714e+005    4.11111111111111e+006
 4.39815075376884e+005    3.77777777777778e+006
 4.41985929648241e+005    4.02469135802469e+006
 4.45025125628141e+005    3.74074074074074e+006
 4.46761809045226e+005    3.97530864197531e+006
 4.49366834170854e+005    3.74074074074074e+006
 4.52840201005025e+005    4.04938271604938e+006
 4.54142713567839e+005    3.75308641975309e+006
 4.57616080402010e+005    4.04938271604938e+006
 4.60221105527638e+005    3.62962962962963e+006
 4.63260301507538e+005    3.93827160493827e+006
 4.64562814070352e+005    3.70370370370370e+006
 4.65865326633166e+005    4.00000000000000e+006
 4.67167839195980e+005    3.62962962962963e+006
 4.69338693467337e+005    3.97530864197531e+006
 4.71075376884422e+005    3.70370370370370e+006
 4.71075376884422e+005    3.96296296296296e+006
 4.73246231155779e+005    3.74074074074074e+006
 4.74548743718593e+005    3.96296296296296e+006
 4.76285427135678e+005    3.80246913580247e+006
 4.77153768844221e+005    4.02469135802469e+006
 4.80192964824121e+005    3.79012345679012e+006
 4.81061306532663e+005    4.00000000000000e+006
 4.85403015075377e+005    3.76543209876543e+006
 4.86705527638191e+005    4.08641975308642e+006
 4.89744723618090e+005    3.74074074074074e+006
 4.91915577889447e+005    4.02469135802469e+006
 4.94520603015075e+005    3.74074074074074e+006
 4.96257286432161e+005    3.96296296296296e+006
 4.97993969849246e+005    3.75308641975309e+006
 5.00598994974874e+005    3.91358024691358e+006
 5.01467336683417e+005    3.69135802469136e+006
 5.04506532663317e+005    3.95061728395062e+006
 5.05374874371859e+005    3.66666666666667e+006
 5.06677386934673e+005    3.93827160493827e+006
 5.08848241206030e+005    3.66666666666667e+006
 5.11019095477387e+005    3.98765432098765e+006
 5.12321608040201e+005    3.66666666666667e+006
 5.14058291457286e+005    3.92592592592593e+006
 5.15794974874372e+005    3.69135802469136e+006
 5.18400000000000e+005    3.97530864197531e+006
 5.20136683417086e+005    3.76543209876543e+006
 5.22741708542714e+005    3.93827160493827e+006
 5.23175879396985e+005    3.79012345679012e+006
 5.24912562814070e+005    3.93827160493827e+006
 5.26649246231156e+005    3.70370370370370e+006
 5.27951758793970e+005    3.95061728395062e+006
 5.29254271356784e+005    3.66666666666667e+006
 5.30556783919598e+005    3.88888888888889e+006
 5.32293467336683e+005    3.69135802469136e+006
