   3.0391960e+03   1.2246914e+07
   5.2100503e+03   1.2346246e+07
   6.9467337e+03   1.2312406e+07
   1.0854271e+04   1.2247813e+07
   1.4761809e+04   1.2075490e+07
   1.8235176e+04   1.1798782e+07
   2.0406030e+04   1.1412543e+07
   2.2576884e+04   1.0927901e+07
   2.5616080e+04   1.0351605e+07
   3.3431156e+04   9.7182222e+06
   3.4299497e+04   9.0627160e+06
   3.7338693e+04   8.4239012e+06
   3.8207035e+04   7.8251852e+06
   3.9943719e+04   7.2937284e+06
   4.0812060e+04   6.8277531e+06
   4.2114573e+04   6.4309136e+06
   4.4719598e+04   6.0691358e+06
   4.8627136e+04   5.7560494e+06
   4.9495477e+04   5.4699259e+06
   5.2100503e+04   5.2285432e+06
   5.3837186e+04   5.0140247e+06
   5.6876382e+04   4.8595556e+06
   5.7744724e+04   4.7300741e+06
   5.9915578e+04   4.6453333e+06
   6.1218090e+04   4.5712593e+06
   6.3388945e+04   4.5294815e+06
   6.4257286e+04   4.4865185e+06
   6.6428141e+04   4.4678519e+06
   6.8164824e+04   4.4445432e+06
   7.0769849e+04   4.4319012e+06
   7.2072362e+04   4.4045432e+06
   7.4243216e+04   4.3850864e+06
   7.4677387e+04   4.3487407e+06
   7.6848241e+04   4.3175309e+06
   7.7282412e+04   4.2902716e+06
   7.9887437e+04   4.2762469e+06
   8.0321608e+04   4.2529383e+06
   8.2058291e+04   4.2424691e+06
   8.2926633e+04   4.2260741e+06
   8.5097487e+04   4.2051358e+06
   8.5965829e+04   4.1724444e+06
   8.7268342e+04   4.1516049e+06
   8.8570854e+04   4.1224691e+06
   8.9439196e+04   4.1113086e+06
   9.0741709e+04   4.1048889e+06
   9.1610050e+04   4.1219753e+06
   9.3346734e+04   4.1393580e+06
   9.3780905e+04   4.1723457e+06
   9.5083417e+04   4.1876543e+06
   9.6385930e+04   4.2005926e+06
   9.8122613e+04   4.1929877e+06
   9.9425126e+04   4.1820247e+06
   1.0159598e+05   4.1623704e+06
   1.0289849e+05   4.1529877e+06
   1.0420101e+05   4.1521975e+06
   1.0550352e+05   4.1661235e+06
   1.0680603e+05   4.1902222e+06
   1.0767437e+05   4.2264691e+06
   1.0897688e+05   4.2716049e+06
   1.1027940e+05   4.3203951e+06
   1.1158191e+05   4.3712593e+06
   1.1245025e+05   4.4207407e+06
   1.1288442e+05   4.4641975e+06
   1.1418693e+05   4.5013333e+06
   1.1505528e+05   4.5295802e+06
   1.1592362e+05   4.5512099e+06
   1.1679196e+05   4.5631605e+06
   1.1852864e+05   4.5627654e+06
   1.2026533e+05   4.5520988e+06
   1.2069950e+05   4.5352099e+06
   1.2287035e+05   4.5065679e+06
   1.2460704e+05   4.4760494e+06
   1.2547538e+05   4.4484938e+06
   1.2590955e+05   4.4258765e+06
   1.2721206e+05   4.4052346e+06
   1.2808040e+05   4.3980247e+06
   1.2938291e+05   4.3948642e+06
   1.3025126e+05   4.3994074e+06
   1.3155377e+05   4.4013827e+06
   1.3242211e+05   4.4086914e+06
   1.3372462e+05   4.4111605e+06
   1.3502714e+05   4.4153086e+06
   1.3589548e+05   4.4169877e+06
   1.3676382e+05   4.4270617e+06
   1.3806633e+05   4.4375309e+06
   1.3850050e+05   4.4484938e+06
   1.3936884e+05   4.4586667e+06
   1.4023719e+05   4.4629136e+06
   1.4240804e+05   4.4566914e+06
   1.4284221e+05   4.4386173e+06
   1.4457889e+05   4.4145185e+06
   1.4501307e+05   4.3779753e+06
   1.4631558e+05   4.3423210e+06
   1.4805226e+05   4.3053827e+06
   1.4935477e+05   4.2800988e+06
   1.5022312e+05   4.2610370e+06
   1.5152563e+05   4.2624198e+06
   1.5239397e+05   4.2711111e+06
   1.5326231e+05   4.2933333e+06
   1.5413065e+05   4.3095309e+06
   1.5456482e+05   4.3273086e+06
   1.5630151e+05   4.3286914e+06
   1.5673568e+05   4.3242469e+06
   1.5760402e+05   4.3062716e+06
   1.6020905e+05   4.2960988e+06
   1.6151156e+05   4.2832593e+06
   1.6281407e+05   4.2849383e+06
   1.6411658e+05   4.2899753e+06
   1.6585327e+05   4.3104198e+06
   1.6628744e+05   4.3275062e+06
   1.6845829e+05   4.3548642e+06
   1.7019497e+05   4.3756049e+06
   1.7062915e+05   4.4011852e+06
   1.7280000e+05   4.4143210e+06
   1.7323417e+05   4.4298272e+06
   1.7453668e+05   4.4289383e+06
   1.7540503e+05   4.4282469e+06
   1.7670754e+05   4.4178765e+06
   1.7887839e+05   4.4134321e+06
   1.7974673e+05   4.4021728e+06
   1.8191759e+05   4.4019753e+06
   1.8365427e+05   4.3998025e+06
   1.8495678e+05   4.4042469e+06
   1.8625930e+05   4.4025679e+06
   1.8669347e+05   4.4049383e+06
   1.8843015e+05   4.3988148e+06
   1.9016683e+05   4.3926914e+06
   1.9103518e+05   4.3766914e+06
   1.9494271e+05   4.3636543e+06
   1.9581106e+05   4.3444938e+06
   1.9754774e+05   4.3291852e+06
   1.9928442e+05   4.3113086e+06
   2.0058693e+05   4.3043951e+06
   2.0188945e+05   4.2976790e+06
   2.0406030e+05   4.3030123e+06
   2.0579698e+05   4.3123951e+06
   2.0753367e+05   4.3335309e+06
   2.0883618e+05   4.3485432e+06
   2.0970452e+05   4.3658272e+06
   2.1144121e+05   4.3737284e+06
   2.1317789e+05   4.3857778e+06
   2.1491457e+05   4.4040494e+06
   2.1578291e+05   4.4518519e+06
   2.1838794e+05   4.5187160e+06
   2.1882211e+05   4.6121481e+06
   2.2099296e+05   4.7044938e+06
   2.2272965e+05   4.7713580e+06
   2.2316382e+05   4.7839012e+06
   2.2533467e+05   4.7575309e+06
   2.2707136e+05   4.6869136e+06
   2.2837387e+05   4.6014815e+06
   2.3097889e+05   4.5263210e+06
   2.3271558e+05   4.4887901e+06
   2.3488643e+05   4.4737778e+06
   2.3749146e+05   4.4880988e+06
   2.3922814e+05   4.5142716e+06
   2.4183317e+05   4.5496296e+06
   2.4617487e+05   4.5751111e+06
   2.4660905e+05   4.5986173e+06
   2.4877990e+05   4.6130370e+06
   2.5051658e+05   4.6270617e+06
   2.5181910e+05   4.6301235e+06
   2.5398995e+05   4.6283457e+06
   2.5529246e+05   4.6202469e+06
   2.5789749e+05   4.6032593e+06
   2.5833166e+05   4.5725432e+06
   2.6093668e+05   4.5359012e+06
   2.6223920e+05   4.5026173e+06
   2.6441005e+05   4.4672593e+06
   2.6571256e+05   4.4399012e+06
   2.6744925e+05   4.4252840e+06
   2.6918593e+05   4.4210370e+06
   2.7005427e+05   4.4147160e+06
   2.7179095e+05   4.4178765e+06
   2.7396181e+05   4.4304198e+06
   2.7700101e+05   4.4411852e+06
   2.7960603e+05   4.4578765e+06
   2.8090854e+05   4.4824691e+06
   2.8351357e+05   4.5093333e+06
   2.8525025e+05   4.5280000e+06
   2.8785528e+05   4.5543704e+06
   2.8959196e+05   4.5712593e+06
   2.9393367e+05   4.5862716e+06
   2.9567035e+05   4.5951605e+06
   2.9784121e+05   4.6088889e+06
   2.9870955e+05   4.6160000e+06
   3.0305126e+05   4.6329877e+06
   3.0782714e+05   4.6469136e+06
   3.1086633e+05   4.6621235e+06
   3.1303719e+05   4.6660741e+06
   3.1520804e+05   4.6626173e+06
   3.1998392e+05   4.6391111e+06
   3.2389146e+05   4.6113580e+06
   3.2779899e+05   4.5795556e+06
   3.3040402e+05   4.5508148e+06
   3.3257487e+05   4.5250370e+06
   3.3821910e+05   4.5112099e+06
   3.3952161e+05   4.4960988e+06
   3.4429749e+05   4.4730864e+06
   3.5037588e+05   4.4533333e+06
   3.5254673e+05   4.4301235e+06
   3.5688844e+05   4.4008889e+06
   3.5992764e+05   4.3647407e+06
   3.6383518e+05   4.3305679e+06
   3.6644020e+05   4.2757531e+06
   3.6817688e+05   4.2176790e+06
   3.7078191e+05   4.1523951e+06
   3.7251859e+05   4.0971852e+06
   3.7425528e+05   4.0462222e+06
   3.7512362e+05   4.0202469e+06
   3.7903116e+05   4.0010864e+06
   3.8163618e+05   4.0002963e+06
   3.8684623e+05   3.9987160e+06
   3.8814874e+05   4.0056296e+06
   3.9031960e+05   4.0067160e+06
   3.9162211e+05   4.0152099e+06
   3.9249045e+05   4.0155062e+06
   3.9509548e+05   4.0225185e+06
   3.9596382e+05   4.0225185e+06
   3.9943719e+05   4.0271605e+06
   4.0117387e+05   4.0260741e+06
   4.0464724e+05   4.0344691e+06
   4.0681809e+05   4.0381235e+06
   4.0768643e+05   4.0505679e+06
   4.1159397e+05   4.0563951e+06
   4.1333065e+05   4.0626173e+06
   4.1506734e+05   4.0556049e+06
   4.1897487e+05   4.0487901e+06
   4.2027739e+05   4.0288395e+06
   4.2375075e+05   4.0123457e+06
   4.2678995e+05   3.9927901e+06
   4.3069749e+05   3.9793580e+06
   4.3330251e+05   3.9600000e+06
   4.3634171e+05   3.9470617e+06
   4.3981508e+05   3.9287901e+06
   4.4198593e+05   3.9146667e+06
   4.4502513e+05   3.8982716e+06
   4.4676181e+05   3.8898765e+06
   4.4936683e+05   3.8789136e+06
   4.5284020e+05   3.8738765e+06
   4.5414271e+05   3.8634074e+06
   4.5761608e+05   3.8563951e+06
   4.6022111e+05   3.8448395e+06
   4.6326030e+05   3.8367407e+06
   4.6456281e+05   3.8256790e+06
   4.6586533e+05   3.8222222e+06
   4.6716784e+05   3.8184691e+06
   4.6933869e+05   3.8204444e+06
   4.7107538e+05   3.8268642e+06
   4.7324623e+05   3.8387160e+06
   4.7454874e+05   3.8521481e+06
   4.7628543e+05   3.8668642e+06
   4.7715377e+05   3.8814815e+06
   4.8019296e+05   3.8900741e+06
   4.8106131e+05   3.8970864e+06
   4.8540302e+05   3.8966914e+06
   4.8670553e+05   3.8952099e+06
   4.8974472e+05   3.8869136e+06
   4.9191558e+05   3.8797037e+06
   4.9452060e+05   3.8664691e+06
   4.9625729e+05   3.8562963e+06
   4.9799397e+05   3.8421728e+06
   5.0059899e+05   3.8336790e+06
   5.0146734e+05   3.8231111e+06
   5.0450653e+05   3.8188642e+06
   5.0537487e+05   3.8133333e+06
   5.0667739e+05   3.8143210e+06
   5.0884824e+05   3.8126420e+06
   5.1101910e+05   3.8166914e+06
   5.1232161e+05   3.8188642e+06
   5.1405829e+05   3.8265679e+06
   5.1579497e+05   3.8307160e+06
   5.1840000e+05   3.8387160e+06
   5.2013668e+05   3.8417778e+06
   5.2274171e+05   3.8449383e+06
   5.2317588e+05   3.8402963e+06
   5.2491256e+05   3.8334156e+06
   5.2664925e+05   3.8172510e+06
   5.2795176e+05   3.7966968e+06
   5.2925427e+05   3.7664746e+06
   5.3055678e+05   3.7345222e+06
   5.3229347e+05   3.6913580e+06
