 5.75936510935802e-002    1.57131333553781e+003
 4.33936416458028e-002    1.57194326609665e+003
 1.49794510841325e-002    1.57309896546837e+003
 1.50361377485946e-002    1.57351561245217e+003
 5.55529311729416e-003    1.57383140441211e+003
 1.04161745949265e-002    1.57455888327271e+003
 1.52203694080967e-002    1.57486971514951e+003
 1.05012045916198e-002    1.57518385374841e+003
 2.00670792196136e-002    1.57549303226416e+003
 2.01095942179602e-002    1.57580551750201e+003
 3.45221786574708e-002    1.57673801313241e+003
 1.25206670130852e-001    1.57826902546176e+003
 5.87273843828239e-002    1.57964627521376e+003
 7.78733053049270e-002    1.58036879399121e+003
 1.11290094005385e-001    1.58098219093958e+003
 6.37441541877273e-002    1.58151953327980e+003
 1.82871179555010e-001    1.58210316972932e+003
 2.16259624923237e-001    1.58250824318579e+003
 1.87760404364873e-001    1.58303897208182e+003
 1.02121026028627e-001    1.58358954131041e+003
 2.06920496953092e-001    1.58386565260522e+003
 1.78392933062497e-001    1.58418805800935e+003
 2.26066417875195e-001    1.58458817138268e+003
 1.73716283244367e-001    1.58481468184610e+003
 2.97633331758704e-001    1.58560498842647e+003
 1.88213897680571e-001    1.58637214795219e+003
 2.07303131938212e-001    1.58667801974585e+003
 2.12135670083613e-001    1.58719717511455e+003
 2.26449052860315e-001    1.58740053852331e+003
 1.26581321744060e-001    1.58837271481884e+003
 1.45684727667816e-001    1.58878274835845e+003
 9.81104445179272e-002    1.58911176720676e+003
 1.74325664887335e-001    1.58929363692191e+003
 1.83905711181445e-001    1.58970697718362e+003
 1.88823279323539e-001    1.59085110302801e+003
 1.50786527469413e-001    1.59128097690018e+003
 6.03712976522273e-002    1.59172903774387e+003
 3.66195852425717e-002    1.59215395153290e+003
 1.55746610609854e-001    1.59273758798243e+003
 1.13047380603713e-001    1.59389824743729e+003
 1.08356559119467e-001    1.59442070952808e+003
 4.17497283763995e-002    1.59486050356654e+003
 3.23113987434456e-002    1.59548878076433e+003
 4.66389531862629e-002    1.59579630591903e+003
 2.30573007699939e-002    1.59747116065945e+003
 1.38032027965421e-002    1.59945354055458e+003
 1.39024044593509e-002    1.60018267277623e+003
 1.39590911238131e-002    1.60059931976003e+003
 1.40157777882753e-002    1.60101596674382e+003
 1.41008077849686e-002    1.60164093721952e+003
 9.03868864849544e-002    1.60234361566442e+003
