 5.62500000000000e-003    1.56820833333333e+003
 6.87500000000000e-003    1.56852083333333e+003
 5.31250000000000e-003    1.56872916666667e+003
 5.00000000000000e-003    1.56904166666667e+003
 5.00000000000000e-003    1.56925000000000e+003
 2.81250000000000e-003    1.56945833333333e+003
 2.81250000000000e-003    1.56956250000000e+003
 4.37500000000000e-003    1.56987500000000e+003
 4.37500000000000e-003    1.56997916666667e+003
 2.81250000000000e-003    1.57018750000000e+003
 2.81250000000000e-003    1.57029166666667e+003
 4.68750000000000e-003    1.57060416666667e+003
 4.68750000000000e-003    1.57070833333333e+003
 2.81250000000000e-003    1.57112500000000e+003
 2.81250000000000e-003    1.57122916666667e+003
 1.25000000000000e-003    1.57175000000000e+003
 1.25000000000000e-003    1.57185416666667e+003
 3.43750000000000e-003    1.57216666666667e+003
 7.18750000000000e-003    1.57258333333333e+003
 2.50000000000000e-003    1.57289583333333e+003
 1.56250000000000e-003    1.57320833333333e+003
 2.18750000000000e-003    1.57362500000000e+003
 1.25000000000000e-003    1.57393750000000e+003
 2.18750000000000e-003    1.57435416666667e+003
 1.87500000000000e-003    1.57487500000000e+003
 2.50000000000000e-003    1.57539583333333e+003
 2.18750000000000e-003    1.57570833333333e+003
 1.56250000000000e-003    1.57612500000000e+003
 2.50000000000000e-003    1.57622916666667e+003
 6.25000000000000e-004    1.57695833333333e+003
 6.25000000000000e-004    1.57758333333333e+003
 1.56250000000000e-003    1.57831250000000e+003
 9.37500000000000e-004    1.57872916666667e+003
 2.18750000000000e-003    1.57914583333333e+003
 2.18750000000000e-003    1.58008333333333e+003
 2.18750000000000e-003    1.58050000000000e+003
 1.25000000000000e-003    1.58070833333333e+003
 1.25000000000000e-003    1.58122916666667e+003
 2.81250000000000e-003    1.58175000000000e+003
 9.37500000000000e-004    1.58185416666667e+003
 6.25000000000000e-004    1.58227083333333e+003
 9.37500000000000e-004    1.58247916666667e+003
 9.37500000000000e-004    1.58341666666667e+003
 1.25000000000000e-003    1.58466666666667e+003
 9.37500000000000e-004    1.58518750000000e+003
 1.25000000000000e-003    1.58768750000000e+003
 1.87500000000000e-003    1.58872916666667e+003
 9.37500000000000e-004    1.59008333333333e+003
 1.25000000000000e-003    1.59050000000000e+003
 2.50000000000000e-003    1.59091666666667e+003
 2.50000000000000e-003    1.59102083333333e+003
 6.25000000000000e-004    1.59122916666667e+003
 9.37500000000000e-004    1.59154166666667e+003
 2.18750000000000e-003    1.59175000000000e+003
 2.18750000000000e-003    1.59195833333333e+003
 1.25000000000000e-003    1.59206250000000e+003
 1.25000000000000e-003    1.59216666666667e+003
 9.37500000000000e-004    1.59237500000000e+003
 9.37500000000000e-004    1.59247916666667e+003
 9.37500000000000e-004    1.59279166666667e+003
 1.56250000000000e-003    1.59320833333333e+003
 9.37500000000000e-003    1.59352083333333e+003
 1.18750000000000e-002    1.59393750000000e+003
 8.75000000000000e-003    1.59425000000000e+003
 3.43750000000000e-003    1.59456250000000e+003
 1.87500000000000e-003    1.59508333333333e+003
 1.25000000000000e-002    1.59539583333333e+003
 1.87500000000000e-002    1.59591666666667e+003
 6.56250000000000e-003    1.59633333333333e+003
 4.37500000000000e-003    1.59654166666667e+003
 7.50000000000000e-003    1.59675000000000e+003
 8.43750000000000e-003    1.59706250000000e+003
 7.50000000000000e-003    1.59789583333333e+003
 5.62500000000000e-003    1.59862500000000e+003
 5.93750000000000e-003    1.59893750000000e+003
 5.62500000000000e-003    1.59945833333333e+003
 5.31250000000000e-003    1.60008333333333e+003
 5.00000000000000e-003    1.60081250000000e+003
 5.93750000000000e-003    1.60185416666667e+003
