 5.23809523809524e-001    1.56820833333333e+003
 6.98412698412698e-001    1.56841666666667e+003
 5.71428571428571e-001    1.56862500000000e+003
 5.39682539682540e-001    1.56904166666667e+003
 3.49206349206349e-001    1.56945833333333e+003
 6.03174603174603e-001    1.56987500000000e+003
 3.33333333333333e-001    1.57018750000000e+003
 3.01587301587302e-001    1.57060416666667e+003
 2.85714285714286e-001    1.57112500000000e+003
 7.93650793650794e-002    1.57133333333333e+003
 7.93650793650794e-002    1.57185416666667e+003
 2.38095238095238e-001    1.57206250000000e+003
 4.12698412698413e-001    1.57247916666667e+003
 2.06349206349206e-001    1.57279166666667e+003
 1.74603174603175e-001    1.57331250000000e+003
 2.38095238095238e-001    1.57362500000000e+003
 1.26984126984127e-001    1.57393750000000e+003
 2.38095238095238e-001    1.57435416666667e+003
 2.06349206349206e-001    1.57487500000000e+003
 2.22222222222222e-001    1.57529166666667e+003
 2.53968253968254e-001    1.57560416666667e+003
 1.74603174603175e-001    1.57602083333333e+003
 2.38095238095238e-001    1.57622916666667e+003
 2.53968253968254e-001    1.57633333333333e+003
 2.22222222222222e-001    1.57643750000000e+003
 1.58730158730159e-001    1.57675000000000e+003
 1.74603174603175e-001    1.57685416666667e+003
 1.74603174603175e-001    1.57695833333333e+003
 1.11111111111111e-001    1.57810416666667e+003
 1.11111111111111e-001    1.57872916666667e+003
 1.58730158730159e-001    1.57904166666667e+003
 1.90476190476190e-001    1.58018750000000e+003
 1.90476190476190e-001    1.58050000000000e+003
 9.52380952380952e-002    1.58081250000000e+003
 7.93650793650794e-002    1.58112500000000e+003
 2.22222222222222e-001    1.58164583333333e+003
 4.76190476190476e-002    1.58185416666667e+003
 7.93650793650794e-002    1.58247916666667e+003
 9.52380952380952e-002    1.58268750000000e+003
 4.76190476190476e-002    1.58289583333333e+003
 7.93650793650794e-002    1.58320833333333e+003
 3.17460317460317e-002    1.58362500000000e+003
 1.11111111111111e-001    1.58477083333333e+003
 4.76190476190476e-002    1.58518750000000e+003
 3.17460317460317e-002    1.58716666666667e+003
 1.74603174603175e-001    1.58768750000000e+003
 9.52380952380952e-002    1.58810416666667e+003
 6.34920634920635e-002    1.58862500000000e+003
 9.52380952380952e-002    1.59008333333333e+003
 9.52380952380952e-002    1.59050000000000e+003
 9.52380952380952e-002    1.59091666666667e+003
 9.52380952380952e-002    1.59133333333333e+003
 4.76190476190476e-002    1.59154166666667e+003
 7.93650793650794e-002    1.59175000000000e+003
 1.11111111111111e-001    1.59237500000000e+003
 7.93650793650794e-002    1.59279166666667e+003
 7.93650793650794e-002    1.59320833333333e+003
 3.96825396825397e-001    1.59352083333333e+003
 4.92063492063492e-001    1.59393750000000e+003
 3.80952380952381e-001    1.59425000000000e+003
 1.11111111111111e-001    1.59456250000000e+003
 7.93650793650794e-002    1.59518750000000e+003
 6.98412698412698e-001    1.59550000000000e+003
 8.73015873015873e-001    1.59602083333333e+003
 5.87301587301587e-001    1.59633333333333e+003
 4.76190476190476e-001    1.59654166666667e+003
 8.09523809523810e-001    1.59675000000000e+003
 6.34920634920635e-001    1.59706250000000e+003
 7.77777777777778e-001    1.59789583333333e+003
 7.14285714285714e-001    1.59862500000000e+003
 6.82539682539683e-001    1.59893750000000e+003
 5.55555555555556e-001    1.59945833333333e+003
 5.71428571428571e-001    1.60008333333333e+003
 4.28571428571429e-001    1.60081250000000e+003
 6.03174603174603e-001    1.60185416666667e+003
