 2.34375000000000e+000    1.56820833333333e+003
 7.03125000000000e+000    1.57227083333333e+003
 8.67187500000000e+001    1.57279166666667e+003
 1.17187500000000e+001    1.57300000000000e+003
 4.68750000000000e+000    1.57425000000000e+003
 4.68750000000000e+000    1.57935416666667e+003
 4.21875000000000e+001    1.57966666666667e+003
 7.03125000000000e+000    1.58029166666667e+003
 1.31250000000000e+002    1.58247916666667e+003
 6.32812500000000e+001    1.58352083333333e+003
 1.28906250000000e+002    1.58393750000000e+003
 7.50000000000000e+001    1.58414583333333e+003
 1.28906250000000e+002    1.58466666666667e+003
 7.73437500000000e+001    1.58487500000000e+003
 1.31250000000000e+002    1.58591666666667e+003
 8.90625000000000e+001    1.58643750000000e+003
 1.21875000000000e+002    1.58685416666667e+003
 1.24218750000000e+002    1.58716666666667e+003
 1.28906250000000e+002    1.58747916666667e+003
 4.45312500000000e+001    1.58831250000000e+003
 5.85937500000000e+001    1.58883333333333e+003
 4.45312500000000e+001    1.58914583333333e+003
 6.09375000000000e+001    1.58925000000000e+003
 6.09375000000000e+001    1.58987500000000e+003
 7.03125000000000e+000    1.59029166666667e+003
 1.17187500000000e+002    1.59102083333333e+003
 9.60937500000000e+001    1.59112500000000e+003
 1.40625000000000e+001    1.59175000000000e+003
 1.17187500000000e+001    1.59216666666667e+003
 7.96875000000000e+001    1.59268750000000e+003
 7.03125000000000e+000    1.59362500000000e+003
 8.43750000000000e+001    1.59393750000000e+003
 8.90625000000000e+001    1.59435416666667e+003
 4.68750000000000e+000    1.59477083333333e+003
 7.03125000000000e+000    1.59518750000000e+003
 7.03125000000000e+000    1.59560416666667e+003
 1.40625000000000e+001    1.59591666666667e+003
 7.03125000000000e+000    1.59758333333333e+003
 4.68750000000000e+000    1.60039583333333e+003
 1.87500000000000e+001    1.60237500000000e+003
