 4.68750000000000e-002    1.57195833333333e+003
 7.81250000000000e-002    1.57300000000000e+003
 4.68750000000000e-002    1.57560416666667e+003
 6.25000000000000e-002    1.57768750000000e+003
 2.65625000000000e-001    1.57945833333333e+003
 7.34375000000000e-001    1.58268750000000e+003
 8.43750000000000e-001    1.58393750000000e+003
 7.03125000000000e-001    1.58695833333333e+003
 4.21875000000000e-001    1.58872916666667e+003
 3.28125000000000e-001    1.59081250000000e+003
 3.12500000000000e-002    1.59362500000000e+003
 1.87500000000000e-001    1.59602083333333e+003
 6.25000000000000e-002    1.59841666666667e+003
 4.68750000000000e-002    1.60091666666667e+003
 3.12500000000000e-002    1.60279166666667e+003

