 1.02511160714286e+000    1.56841666666667e+003
 9.72935267857143e-001    1.57195833333333e+003
 8.18708147321428e+000    1.57227083333333e+003
 6.11844308035714e+000    1.57268750000000e+003
 1.98883928571429e+000    1.57300000000000e+003
 1.45172991071429e+000    1.57445833333333e+003
 1.38113839285714e+000    1.57925000000000e+003
 2.92340959821429e+000    1.57956250000000e+003
 1.37039620535714e+000    1.57997916666667e+003
 1.33510044642857e+000    1.58237500000000e+003
 7.00390625000000e+000    1.58258333333333e+003
 7.50725446428571e+000    1.58341666666667e+003
 5.95424107142857e+000    1.58383333333333e+003
 5.43401227678571e+000    1.58414583333333e+003
 8.52008928571429e+000    1.58466666666667e+003
 8.00139508928571e+000    1.58487500000000e+003
 7.73437500000000e-001    1.58550000000000e+003
 1.00485491071429e+001    1.58591666666667e+003
 6.94712611607143e+000    1.58643750000000e+003
 6.42689732142857e+000    1.58675000000000e+003
 6.42075892857143e+000    1.58716666666667e+003
 7.44587053571429e+000    1.58758333333333e+003
 4.34137834821429e+000    1.58831250000000e+003
 6.39927455357143e+000    1.58862500000000e+003
 4.33063616071429e+000    1.58904166666667e+003
 4.32603236607143e+000    1.58935416666667e+003
 4.83551897321429e+000    1.58977083333333e+003
 1.10061383928571e+001    1.59091666666667e+003
 5.84528459821429e+000    1.59122916666667e+003
 5.31738281250000e+000    1.59206250000000e+003
 5.30664062500000e+000    1.59279166666667e+003
 5.29436383928571e+000    1.59362500000000e+003
 6.83663504464286e+000    1.59393750000000e+003
 6.31333705357143e+000    1.59445833333333e+003
 4.24469866071429e+000    1.59487500000000e+003
 3.20884486607143e+000    1.59518750000000e+003
 5.26520647321429e+000    1.59560416666667e+003
 9.38713727678571e+000    1.59581250000000e+003
 6.13839285714286e-001    1.59633333333333e+003
 5.81612723214286e-001    1.59852083333333e+003
 5.17159598214286e-001    1.60289583333333e+003
