 1.02818080357143e+000    1.56820833333333e+003
 9.72935267857143e-001    1.57195833333333e+003
 1.79839564732143e+001    1.57227083333333e+003
 1.69450334821429e+001    1.57279166666667e+003
 5.59821428571429e+000    1.57300000000000e+003
 9.52985491071429e-001    1.57331250000000e+003
 3.48353794642857e-001    1.57935416666667e+003
 8.07965959821429e+000    1.57956250000000e+003
 3.40680803571429e-001    1.57987500000000e+003
 3.05385044642857e-001    1.58227083333333e+003
 2.29882812500000e+001    1.58258333333333e+003
 2.09119698660714e+001    1.58352083333333e+003
 1.83292410714286e+001    1.58383333333333e+003
 1.47137276785714e+001    1.58425000000000e+003
 2.75982142857143e+001    1.58466666666667e+003
 2.34701450892857e+001    1.58487500000000e+003
 3.06735491071429e+001    1.58591666666667e+003
 2.08690011160714e+001    1.58643750000000e+003
 1.82862723214286e+001    1.58675000000000e+003
 1.72488839285714e+001    1.58716666666667e+003
 2.08536551339286e+001    1.58747916666667e+003
 1.31054687500000e+001    1.58841666666667e+003
 1.51633649553571e+001    1.58872916666667e+003
 1.15493861607143e+001    1.58904166666667e+003
 1.10276227678571e+001    1.58945833333333e+003
 1.46323939732143e+001    1.58977083333333e+003
 2.18480747767857e+001    1.58997916666667e+003
 2.90514787946429e+001    1.59102083333333e+003
 1.77061941964286e+001    1.59112500000000e+003
 2.18235212053571e+001    1.59164583333333e+003
 1.15048828125000e+001    1.59206250000000e+003
 2.28424944196429e+001    1.59247916666667e+003
 1.51050502232143e+001    1.59268750000000e+003
 2.28332868303571e+001    1.59310416666667e+003
 1.50912388392857e+001    1.59362500000000e+003
 2.07585100446429e+001    1.59393750000000e+003
 1.86898716517857e+001    1.59435416666667e+003
 1.40431082589286e+001    1.59477083333333e+003
 7.84946986607143e+000    1.59518750000000e+003
 1.60948660714286e+001    1.59550000000000e+003
 2.64027622767857e+001    1.59581250000000e+003
 2.14229910714286e+000    1.59758333333333e+003
 5.86216517857143e-001    1.59820833333333e+003
 1.60979352678571e+000    1.59872916666667e+003
 5.67801339285714e-001    1.59945833333333e+003
 5.57059151785714e-001    1.60018750000000e+003
 1.58370535714286e+000    1.60050000000000e+003
 5.46316964285714e-001    1.60091666666667e+003
 1.04966517857143e+000    1.60175000000000e+003
 3.61704799107143e+000    1.60247916666667e+003
