0	0	0.015888
0.2	3.3544	0.015902
0.4	6.7642	0.015919
0.6	10.232	0.015937
0.8	13.759	0.015958
1	17.349	0.01598
1.2	21.005	0.016005
1.4	24.729	0.016033
1.6	28.524	0.016063
1.8	32.394	0.016095
2	36.343	0.016131
2.2	40.374	0.01617
2.4	44.491	0.016212
2.6	48.7	0.016257
2.8	53.005	0.016306
3	57.412	0.016359
3.2	61.926	0.016416
3.4	66.554	0.016478
3.6	71.303	0.016544
3.8	76.181	0.016616
4	81.195	0.016693
4.2	86.356	0.016776
4.4	91.674	0.016866
4.6	97.161	0.016963
4.8	102.83	0.017068
5	108.69	0.017181
5.2	114.77	0.017303
5.4	121.07	0.017436
5.6	127.63	0.01758
5.8	134.47	0.017737
6	141.61	0.017908
6.2	149.08	0.018095
6.4	156.93	0.0183
6.6	165.19	0.018525
6.8	173.93	0.018774
7	183.2	0.01905
7.2	193.09	0.019358
7.4	203.68	0.019704
7.4	203.68	0.019704
7.4	203.68	0.019704
7.6	215.1	0.020095
7.8	227.49	0.020541
8	241.05	0.021054
8.2	256.01	0.021652
8.4	272.7	0.022356
8.6	291.51	0.0232
8.8	312.94	0.024224
9	337.51	0.025482
9.2	365.7	0.027037
9.4	397.53	0.028939
9.6	431.98	0.031176
9.8	466.43	0.033606
10	498.25	0.036032
10.2	526.25	0.038316
10.4	550.19	0.040388
10.6	570.55	0.042241
10.8	588	0.0439
11	603.15	0.045396
11.2	616.5	0.046759
11.4	628.38	0.04801
11.6	639.09	0.049167
11.8	648.82	0.050246
12	657.74	0.051257
12.2	665.96	0.05221
12.4	673.59	0.053113
12.6	680.71	0.05397
12.8	687.37	0.054788
13	693.65	0.055571
13.2	699.58	0.056322
13.4	705.19	0.057045
13.6	710.53	0.057742
13.8	715.61	0.058416
14	720.47	0.059068
14.2	725.12	0.059701
14.4	729.58	0.060316
14.6	733.86	0.060914
14.8	737.99	0.061496
15	741.97	0.062064
15.2	745.81	0.062619
15.4	749.52	0.063161
15.6	753.12	0.063691
15.8	756.6	0.06421
16	759.98	0.064719
16.2	763.26	0.065218
16.4	766.46	0.065708
16.6	769.56	0.066189
16.8	772.58	0.066662
17	775.53	0.067126
17.2	778.4	0.067584
17.4	781.21	0.068034
17.6	783.95	0.068477
17.8	786.63	0.068914
18	789.24	0.069345
18.2	791.8	0.06977
18.4	794.31	0.070189
18.6	796.77	0.070603
18.8	799.17	0.071012
19	801.53	0.071415
19.2	803.85	0.071814
19.4	806.12	0.072208
19.6	808.35	0.072598
19.8	810.54	0.072983
20	812.69	0.073364
20.2	814.8	0.073742
20.4	816.88	0.074115
20.6	818.92	0.074485
20.8	820.93	0.074851
21	822.91	0.075214
21.2	824.86	0.075573
21.4	826.78	0.075929
21.6	828.67	0.076282
21.8	830.53	0.076632
22	832.36	0.076979
22.2	834.17	0.077323
22.4	835.96	0.077664
22.6	837.71	0.078003
22.8	839.45	0.078339
23	841.16	0.078672
23.2	842.85	0.079003
23.4	844.52	0.079331
23.6	846.16	0.079658
23.8	847.79	0.079981
24	849.39	0.080303
24.2	850.98	0.080623
24.4	852.55	0.08094
24.6	854.1	0.081255
24.8	855.63	0.081568
25	857.14	0.08188
25.2	858.64	0.082189
25.4	860.12	0.082497
25.6	861.58	0.082802
25.8	863.03	0.083106
26	864.46	0.083408
26.2	865.88	0.083709
26.4	867.28	0.084008
26.6	868.67	0.084305
26.8	870.04	0.0846
27	871.4	0.084895
27.2	872.74	0.085187
27.4	874.08	0.085478
27.6	875.4	0.085768
27.8	876.71	0.086056
28	878	0.086342
28.2	879.28	0.086628
28.4	880.55	0.086912
28.6	881.81	0.087194
28.8	883.06	0.087476
29	884.3	0.087756
29.2	885.53	0.088035
29.4	886.74	0.088312
29.6	887.95	0.088589
29.8	889.14	0.088864
30	890.33	0.089138
30.2	891.5	0.089411
30.4	892.66	0.089683
30.6	893.82	0.089953
30.8	894.97	0.090223
31	896.1	0.090492
31.2	897.23	0.090759
31.4	898.35	0.091026
31.6	899.46	0.091291
31.8	900.56	0.091556
32	901.65	0.091819
32.2	902.74	0.092082
32.4	903.81	0.092344
32.6	904.88	0.092605
32.8	905.94	0.092864
33	907	0.093123
33.2	908.04	0.093381
33.4	909.08	0.093639
33.6	910.11	0.093895
33.8	911.13	0.09415
34	912.15	0.094405
34.2	913.16	0.094659
34.4	914.16	0.094912
34.6	915.15	0.095164
34.8	916.14	0.095416
35	917.12	0.095666
35.2	918.1	0.095916
35.4	919.06	0.096166
35.6	920.03	0.096414
35.8	920.98	0.096662
36	921.93	0.096909
36.2	922.88	0.097155
36.4	923.81	0.097401
36.6	924.75	0.097646
36.8	925.67	0.09789
37	926.59	0.098134
37.2	927.51	0.098376
37.4	928.41	0.098619
37.6	929.32	0.09886
37.8	930.22	0.099101
38	931.11	0.099342
38.2	932	0.099582
38.4	932.88	0.099821
38.6	933.75	0.10006
38.8	934.63	0.1003
39	935.49	0.10053
39.2	936.35	0.10077
39.4	937.21	0.10101
39.6	938.06	0.10124
39.8	938.91	0.10148
40	939.75	0.10171
40.2	940.59	0.10195
40.4	941.42	0.10218
40.6	942.25	0.10241
40.8	943.08	0.10265
41	943.9	0.10288
41.2	944.71	0.10311
41.4	945.52	0.10334
41.6	946.33	0.10357
41.8	947.13	0.1038
42	947.93	0.10403
42.2	948.72	0.10426
42.4	949.51	0.10449
42.6	950.3	0.10471
42.8	951.08	0.10494
43	951.86	0.10517
43.2	952.63	0.1054
43.4	953.4	0.10562
43.6	954.17	0.10585
43.8	954.93	0.10607
44	955.69	0.1063
44.2	956.45	0.10652
44.4	957.2	0.10675
44.6	957.95	0.10697
44.8	958.69	0.10719
45	959.43	0.10741
45.2	960.17	0.10764
45.4	960.9	0.10786
45.6	961.63	0.10808
45.8	962.36	0.1083
46	963.08	0.10852
46.2	963.8	0.10874
46.4	964.52	0.10896
46.6	965.23	0.10918
46.8	965.94	0.1094
47	966.65	0.10962
47.2	967.35	0.10984
47.4	968.05	0.11006
47.6	968.75	0.11027
47.8	969.45	0.11049
48	970.14	0.11071
48.2	970.83	0.11092
48.4	971.51	0.11114
48.6	972.2	0.11136
48.8	972.87	0.11157
49	973.55	0.11179
49.2	974.23	0.112
49.4	974.9	0.11222
49.6	975.56	0.11243
49.8	976.23	0.11264
50	976.89	0.11286
50.2	977.55	0.11307
50.4	978.21	0.11328
50.6	978.86	0.11349
50.8	979.52	0.11371
51	980.17	0.11392
51.2	980.81	0.11413
51.4	981.46	0.11434
51.6	982.1	0.11455
51.8	982.74	0.11476
52	983.37	0.11497
52.2	984.01	0.11518
52.4	984.64	0.11539
52.6	985.27	0.1156
52.8	985.89	0.11581
53	986.52	0.11602
53.2	987.14	0.11623
53.4	987.76	0.11644
53.6	988.37	0.11665
53.8	988.99	0.11685
54	989.6	0.11706
54.2	990.21	0.11727
54.4	990.82	0.11748
54.6	991.42	0.11768
54.8	992.02	0.11789
55	992.63	0.1181
55.2	993.22	0.1183
55.4	993.82	0.11851
55.6	994.41	0.11871
55.8	995.01	0.11892
56	995.6	0.11912
56.2	996.18	0.11933
56.4	996.77	0.11953
56.6	997.35	0.11974
56.8	997.93	0.11994
57	998.51	0.12014
57.2	999.09	0.12035
57.4	999.67	0.12055
57.6	1000.2	0.12075
57.8	1000.8	0.12096
58	1001.4	0.12116
58.2	1001.9	0.12136
58.4	1002.5	0.12156
58.6	1003.1	0.12176
58.8	1003.6	0.12197
59	1004.2	0.12217
59.2	1004.8	0.12237
59.4	1005.3	0.12257
59.6	1005.9	0.12277
59.8	1006.4	0.12297
60	1007	0.12317
60.2	1007.5	0.12337
60.4	1008.1	0.12357
60.6	1008.6	0.12377
60.8	1009.2	0.12397
61	1009.7	0.12417
61.2	1010.2	0.12437
61.4	1010.8	0.12457
61.6	1011.3	0.12477
61.8	1011.8	0.12496
62	1012.4	0.12516
62.2	1012.9	0.12536
62.4	1013.4	0.12556
62.6	1014	0.12576
62.8	1014.5	0.12595
63	1015	0.12615
63.2	1015.5	0.12635
63.4	1016.1	0.12654
63.6	1016.6	0.12674
63.8	1017.1	0.12694
64	1017.6	0.12713
64.2	1018.1	0.12733
64.4	1018.6	0.12753
64.6	1019.1	0.12772
64.8	1019.7	0.12792
65	1020.2	0.12811
65.2	1020.7	0.12831
65.4	1021.2	0.1285
65.6	1021.7	0.1287
65.8	1022.2	0.12889
66	1022.7	0.12909
66.2	1023.2	0.12928
66.4	1023.7	0.12947
66.6	1024.2	0.12967
66.8	1024.7	0.12986
67	1025.2	0.13006
67.2	1025.7	0.13025
67.4	1026.1	0.13044
67.6	1026.6	0.13064
67.8	1027.1	0.13083
68	1027.6	0.13102
68.2	1028.1	0.13121
68.4	1028.6	0.13141
68.6	1029.1	0.1316
68.8	1029.5	0.13179
69	1030	0.13198
69.2	1030.5	0.13218
69.4	1031	0.13237
69.6	1031.5	0.13256
69.8	1031.9	0.13275
70	1032.4	0.13294
70.2	1032.9	0.13313
70.4	1033.3	0.13332
70.6	1033.8	0.13351
70.8	1034.3	0.13371
71	1034.7	0.1339
71.2	1035.2	0.13409
71.4	1035.7	0.13428
71.6	1036.1	0.13447
71.8	1036.6	0.13466
72	1037.1	0.13485
72.2	1037.5	0.13504
72.4	1038	0.13523
72.6	1038.4	0.13541
72.8	1038.9	0.1356
73	1039.3	0.13579
73.2	1039.8	0.13598
73.4	1040.2	0.13617
73.6	1040.7	0.13636
73.8	1041.1	0.13655
74	1041.6	0.13674
74.2	1042	0.13693
74.4	1042.5	0.13711
74.6	1042.9	0.1373
74.8	1043.4	0.13749
75	1043.8	0.13768
75.2	1044.3	0.13786
75.4	1044.7	0.13805
75.6	1045.1	0.13824
75.8	1045.6	0.13843
76	1046	0.13861
76.2	1046.5	0.1388
76.4	1046.9	0.13899
76.6	1047.3	0.13917
76.8	1047.8	0.13936
77	1048.2	0.13955
77.2	1048.6	0.13973
77.4	1049	0.13992
77.6	1049.5	0.14011
77.8	1049.9	0.14029
78	1050.3	0.14048
78.2	1050.8	0.14066
78.4	1051.2	0.14085
78.6	1051.6	0.14104
78.8	1052	0.14122
79	1052.4	0.14141
79.2	1052.9	0.14159
79.4	1053.3	0.14178
79.6	1053.7	0.14196
79.8	1054.1	0.14215
80	1054.5	0.14233
80.2	1055	0.14252
80.4	1055.4	0.1427
80.6	1055.8	0.14288
80.8	1056.2	0.14307
81	1056.6	0.14325
81.2	1057	0.14344
81.4	1057.4	0.14362
81.6	1057.8	0.14381
81.8	1058.2	0.14399
82	1058.6	0.14417
82.2	1059	0.14436
82.4	1059.5	0.14454
82.6	1059.9	0.14472
82.8	1060.3	0.14491
83	1060.7	0.14509
83.2	1061.1	0.14527
83.4	1061.5	0.14546
83.6	1061.9	0.14564
83.8	1062.3	0.14582
84	1062.7	0.146
84.2	1063.1	0.14619
84.4	1063.5	0.14637
84.6	1063.8	0.14655
84.8	1064.2	0.14673
85	1064.6	0.14692
85.2	1065	0.1471
85.4	1065.4	0.14728
85.6	1065.8	0.14746
85.8	1066.2	0.14764
86	1066.6	0.14783
86.2	1067	0.14801
86.4	1067.4	0.14819
86.6	1067.7	0.14837
86.8	1068.1	0.14855
87	1068.5	0.14873
87.2	1068.9	0.14891
87.4	1069.3	0.14909
87.6	1069.7	0.14928
87.8	1070	0.14946
88	1070.4	0.14964
88.2	1070.8	0.14982
88.4	1071.2	0.15
88.6	1071.6	0.15018
88.8	1071.9	0.15036
89	1072.3	0.15054
89.2	1072.7	0.15072
89.4	1073.1	0.1509
89.6	1073.4	0.15108
89.8	1073.8	0.15126
90	1074.2	0.15144
90.2	1074.6	0.15162
90.4	1074.9	0.1518
90.6	1075.3	0.15198
90.8	1075.7	0.15216
91	1076	0.15234
91.2	1076.4	0.15252
91.4	1076.8	0.1527
91.6	1077.1	0.15288
91.8	1077.5	0.15305
92	1077.9	0.15323
92.2	1078.2	0.15341
92.4	1078.6	0.15359
92.6	1079	0.15377
92.8	1079.3	0.15395
93	1079.7	0.15413
93.2	1080	0.15431
93.4	1080.4	0.15449
93.6	1080.8	0.15466
93.8	1081.1	0.15484
94	1081.5	0.15502
94.2	1081.8	0.1552
94.4	1082.2	0.15538
94.6	1082.6	0.15555
94.8	1082.9	0.15573
95	1083.3	0.15591
95.2	1083.6	0.15609
95.4	1084	0.15627
95.6	1084.3	0.15644
95.8	1084.7	0.15662
96	1085	0.1568
96.2	1085.4	0.15698
96.4	1085.7	0.15715
96.6	1086.1	0.15733
96.8	1086.4	0.15751
97	1086.8	0.15769
97.2	1087.1	0.15786
97.4	1087.5	0.15804
97.6	1087.8	0.15822
97.8	1088.2	0.15839
98	1088.5	0.15857
98.2	1088.8	0.15875
98.4	1089.2	0.15892
98.6	1089.5	0.1591
98.8	1089.9	0.15928
99	1090.2	0.15945
99.2	1090.6	0.15963
99.4	1090.9	0.15981
99.6	1091.2	0.15998
99.8	1091.6	0.16016
100	1091.9	0.16033
100.2	1092.2	0.16051
100.4	1092.6	0.16069
100.6	1092.9	0.16086
100.8	1093.3	0.16104
101	1093.6	0.16121
101.2	1093.9	0.16139
101.4	1094.3	0.16157
101.6	1094.6	0.16174
101.8	1094.9	0.16192
102	1095.3	0.16209
102.2	1095.6	0.16227
102.4	1095.9	0.16244
102.6	1096.2	0.16262
102.8	1096.6	0.16279
103	1096.9	0.16297
103.2	1097.2	0.16314
103.4	1097.6	0.16332
103.6	1097.9	0.16349
103.8	1098.2	0.16367
104	1098.5	0.16384
104.2	1098.9	0.16402
104.4	1099.2	0.16419
104.6	1099.5	0.16437
104.8	1099.8	0.16454
105	1100.2	0.16472
105.2	1100.5	0.16489
105.4	1100.8	0.16507
105.6	1101.1	0.16524
105.8	1101.5	0.16542
106	1101.8	0.16559
106.2	1102.1	0.16576
106.4	1102.4	0.16594
106.6	1102.7	0.16611
106.8	1103.1	0.16629
107	1103.4	0.16646
107.2	1103.7	0.16663
107.4	1104	0.16681
107.6	1104.3	0.16698
107.8	1104.6	0.16716
108	1105	0.16733
108.2	1105.3	0.1675
108.4	1105.6	0.16768
108.6	1105.9	0.16785
108.8	1106.2	0.16802
109	1106.5	0.1682
109.2	1106.8	0.16837
109.4	1107.1	0.16854
109.6	1107.5	0.16872
109.8	1107.8	0.16889
110	1108.1	0.16906
