0	0	0.015263
0.2	3.5016	0.015278
0.4	7.07	0.015295
0.6	10.709	0.015315
0.8	14.421	0.015337
1	18.21	0.015361
1.2	22.081	0.015388
1.4	26.039	0.015418
1.6	30.087	0.015451
1.8	34.232	0.015487
2	38.479	0.015526
2.2	42.835	0.015569
2.4	47.307	0.015617
2.6	51.903	0.015668
2.8	56.632	0.015724
3	61.503	0.015786
3.2	66.529	0.015852
3.4	71.721	0.015925
3.6	77.093	0.016005
3.8	82.662	0.016091
4	88.447	0.016186
4.2	94.469	0.01629
4.4	100.75	0.016404
4.6	107.33	0.016529
4.8	114.24	0.016667
5	121.51	0.016821
5.2	129.21	0.016991
5.4	137.4	0.017181
5.6	146.16	0.017396
5.8	155.6	0.01764
6	165.87	0.017919
6.2	177.16	0.018244
6.4	189.76	0.018628
6.6	204.12	0.019094
6.8	220.96	0.019679
7	241.66	0.020453
7.2	269.34	0.021587
7.4	314.99	0.023702
7.4	314.99	0.023702
7.4	314.99	0.023702
7.6	557.5	0.040461
7.8	624.18	0.047019
8	652.12	0.050097
8.2	670.95	0.052296
8.4	685.42	0.05406
8.6	697.31	0.055559
8.8	707.45	0.056879
9	716.36	0.058066
9.2	724.32	0.059153
9.4	731.53	0.06016
9.6	738.15	0.061102
9.8	744.28	0.061989
10	749.98	0.06283
10.2	755.33	0.06363
10.4	760.36	0.064396
10.6	765.12	0.065131
10.8	769.65	0.065839
11	773.95	0.066522
11.2	778.07	0.067182
11.4	782	0.067823
11.6	785.78	0.068444
11.8	789.42	0.069049
12	792.92	0.069639
12.2	796.3	0.070214
12.4	799.56	0.070775
12.6	802.73	0.071324
12.8	805.79	0.071861
13	808.76	0.072388
13.2	811.65	0.072904
13.4	814.45	0.07341
13.6	817.18	0.073908
13.8	819.85	0.074396
14	822.44	0.074877
14.2	824.97	0.07535
14.4	827.44	0.075816
14.6	829.86	0.076274
14.8	832.22	0.076726
15	834.53	0.077172
15.2	836.79	0.077612
15.4	839.01	0.078046
15.6	841.18	0.078474
15.8	843.31	0.078898
16	845.4	0.079316
16.2	847.45	0.079729
16.4	849.46	0.080138
16.6	851.44	0.080542
16.8	853.38	0.080942
17	855.29	0.081338
17.2	857.17	0.08173
17.4	859.02	0.082118
17.6	860.84	0.082502
17.8	862.63	0.082882
18	864.4	0.08326
18.2	866.13	0.083633
18.4	867.84	0.084004
18.6	869.53	0.084371
18.8	871.2	0.084736
19	872.84	0.085097
19.2	874.45	0.085456
19.4	876.05	0.085812
19.6	877.63	0.086165
19.8	879.18	0.086515
20	880.72	0.086863
20.2	882.23	0.087209
20.4	883.73	0.087552
20.6	885.21	0.087893
20.8	886.67	0.088231
21	888.12	0.088568
21.2	889.54	0.088902
21.4	890.96	0.089234
21.6	892.35	0.089564
21.8	893.73	0.089892
22	895.1	0.090218
22.2	896.45	0.090542
22.4	897.78	0.090864
22.6	899.11	0.091184
22.8	900.42	0.091503
23	901.71	0.09182
23.2	902.99	0.092135
23.4	904.26	0.092449
23.6	905.52	0.09276
23.8	906.76	0.093071
24	908	0.09338
24.2	909.22	0.093687
24.4	910.43	0.093992
24.6	911.63	0.094297
24.8	912.81	0.0946
25	913.99	0.094901
25.2	915.16	0.095201
25.4	916.31	0.0955
25.6	917.46	0.095797
25.8	918.6	0.096093
26	919.72	0.096388
26.2	920.84	0.096682
26.4	921.95	0.096974
26.6	923.05	0.097265
26.8	924.14	0.097555
27	925.22	0.097844
27.2	926.29	0.098132
27.4	927.35	0.098418
27.6	928.41	0.098704
27.8	929.46	0.098988
28	930.5	0.099271
28.2	931.53	0.099553
28.4	932.55	0.099835
28.6	933.57	0.10011
28.8	934.57	0.10039
29	935.58	0.10067
29.2	936.57	0.10095
29.4	937.56	0.10123
29.6	938.54	0.1015
29.8	939.51	0.10178
30	940.47	0.10205
30.2	941.43	0.10232
30.4	942.39	0.10259
30.6	943.33	0.10286
30.8	944.27	0.10313
31	945.2	0.1034
31.2	946.13	0.10367
31.4	947.05	0.10394
31.6	947.97	0.10421
31.8	948.88	0.10447
32	949.78	0.10474
32.2	950.68	0.105
32.4	951.57	0.10527
32.6	952.46	0.10553
32.8	953.34	0.10579
33	954.21	0.10605
33.2	955.08	0.10631
33.4	955.95	0.10657
33.6	956.8	0.10683
33.8	957.66	0.10709
34	958.51	0.10735
34.2	959.35	0.10761
34.4	960.19	0.10786
34.6	961.03	0.10812
34.8	961.85	0.10837
35	962.68	0.10863
35.2	963.5	0.10888
35.4	964.31	0.10914
35.6	965.13	0.10939
35.8	965.93	0.10964
36	966.73	0.10989
36.2	967.53	0.11014
36.4	968.32	0.1104
36.6	969.11	0.11065
36.8	969.9	0.11089
37	970.68	0.11114
37.2	971.45	0.11139
37.4	972.22	0.11164
37.6	972.99	0.11189
37.8	973.76	0.11213
38	974.52	0.11238
38.2	975.27	0.11262
38.4	976.02	0.11287
38.6	976.77	0.11311
38.8	977.52	0.11336
39	978.26	0.1136
39.2	979	0.11384
39.4	979.73	0.11409
39.6	980.46	0.11433
39.8	981.19	0.11457
40	981.91	0.11481
40.2	982.63	0.11505
40.4	983.34	0.11529
40.6	984.06	0.11553
40.8	984.76	0.11577
41	985.47	0.11601
41.2	986.17	0.11625
41.4	986.87	0.11648
41.6	987.57	0.11672
41.8	988.26	0.11696
42	988.95	0.1172
42.2	989.64	0.11743
42.4	990.32	0.11767
42.6	991	0.1179
42.8	991.68	0.11814
43	992.35	0.11837
43.2	993.02	0.11861
43.4	993.69	0.11884
43.6	994.35	0.11907
43.8	995.02	0.11931
44	995.68	0.11954
44.2	996.33	0.11977
44.4	996.99	0.12
44.6	997.64	0.12023
44.8	998.28	0.12046
45	998.93	0.12069
45.2	999.57	0.12092
45.4	1000.2	0.12115
45.6	1000.9	0.12138
45.8	1001.5	0.12161
46	1002.1	0.12184
46.2	1002.7	0.12207
46.4	1003.4	0.1223
46.6	1004	0.12253
46.8	1004.6	0.12275
47	1005.2	0.12298
47.2	1005.9	0.12321
47.4	1006.5	0.12343
47.6	1007.1	0.12366
47.8	1007.7	0.12388
48	1008.3	0.12411
48.2	1008.9	0.12434
48.4	1009.5	0.12456
48.6	1010.1	0.12478
48.8	1010.7	0.12501
49	1011.3	0.12523
49.2	1011.9	0.12546
49.4	1012.5	0.12568
49.6	1013.1	0.1259
49.8	1013.7	0.12612
50	1014.2	0.12635
50.2	1014.8	0.12657
50.4	1015.4	0.12679
50.6	1016	0.12701
50.8	1016.6	0.12723
51	1017.1	0.12745
51.2	1017.7	0.12767
51.4	1018.3	0.12789
51.6	1018.8	0.12811
51.8	1019.4	0.12833
52	1020	0.12855
52.2	1020.5	0.12877
52.4	1021.1	0.12899
52.6	1021.6	0.12921
52.8	1022.2	0.12943
53	1022.8	0.12965
53.2	1023.3	0.12986
53.4	1023.9	0.13008
53.6	1024.4	0.1303
53.8	1025	0.13052
54	1025.5	0.13073
54.2	1026	0.13095
54.4	1026.6	0.13117
54.6	1027.1	0.13138
54.8	1027.7	0.1316
55	1028.2	0.13181
55.2	1028.7	0.13203
55.4	1029.3	0.13224
55.6	1029.8	0.13246
55.8	1030.3	0.13267
56	1030.8	0.13289
56.2	1031.4	0.1331
56.4	1031.9	0.13331
56.6	1032.4	0.13353
56.8	1032.9	0.13374
57	1033.4	0.13395
57.2	1034	0.13417
57.4	1034.5	0.13438
57.6	1035	0.13459
57.8	1035.5	0.13481
58	1036	0.13502
58.2	1036.5	0.13523
58.4	1037	0.13544
58.6	1037.5	0.13565
58.8	1038	0.13586
59	1038.5	0.13607
59.2	1039	0.13629
59.4	1039.5	0.1365
59.6	1040	0.13671
59.8	1040.5	0.13692
60	1041	0.13713
60.2	1041.5	0.13734
60.4	1042	0.13755
60.6	1042.5	0.13776
60.8	1043	0.13796
61	1043.5	0.13817
61.2	1043.9	0.13838
61.4	1044.4	0.13859
61.6	1044.9	0.1388
61.8	1045.4	0.13901
62	1045.9	0.13922
62.2	1046.4	0.13942
62.4	1046.8	0.13963
62.6	1047.3	0.13984
62.8	1047.8	0.14005
63	1048.3	0.14025
63.2	1048.7	0.14046
63.4	1049.2	0.14067
63.6	1049.7	0.14087
63.8	1050.1	0.14108
64	1050.6	0.14128
64.2	1051.1	0.14149
64.4	1051.5	0.1417
64.6	1052	0.1419
64.8	1052.4	0.14211
65	1052.9	0.14231
65.2	1053.4	0.14252
65.4	1053.8	0.14272
65.6	1054.3	0.14293
65.8	1054.7	0.14313
66	1055.2	0.14334
66.2	1055.6	0.14354
66.4	1056.1	0.14375
66.6	1056.5	0.14395
66.8	1057	0.14415
67	1057.4	0.14436
67.2	1057.9	0.14456
67.4	1058.3	0.14476
67.6	1058.8	0.14497
67.8	1059.2	0.14517
68	1059.6	0.14537
68.2	1060.1	0.14558
68.4	1060.5	0.14578
68.6	1061	0.14598
68.8	1061.4	0.14618
69	1061.8	0.14638
69.2	1062.3	0.14659
69.4	1062.7	0.14679
69.6	1063.1	0.14699
69.8	1063.6	0.14719
70	1064	0.14739
70.2	1064.4	0.14759
70.4	1064.9	0.14779
70.6	1065.3	0.148
70.8	1065.7	0.1482
71	1066.1	0.1484
71.2	1066.6	0.1486
71.4	1067	0.1488
71.6	1067.4	0.149
71.8	1067.8	0.1492
72	1068.2	0.1494
72.2	1068.7	0.1496
72.4	1069.1	0.1498
72.6	1069.5	0.15
72.8	1069.9	0.1502
73	1070.3	0.15039
73.2	1070.7	0.15059
73.4	1071.1	0.15079
73.6	1071.6	0.15099
73.8	1072	0.15119
74	1072.4	0.15139
74.2	1072.8	0.15159
74.4	1073.2	0.15179
74.6	1073.6	0.15198
74.8	1074	0.15218
75	1074.4	0.15238
75.2	1074.8	0.15258
75.4	1075.2	0.15277
75.6	1075.6	0.15297
75.8	1076	0.15317
76	1076.4	0.15337
76.2	1076.8	0.15356
76.4	1077.2	0.15376
76.6	1077.6	0.15396
76.8	1078	0.15415
77	1078.4	0.15435
77.2	1078.8	0.15455
77.4	1079.2	0.15474
77.6	1079.6	0.15494
77.8	1080	0.15514
78	1080.4	0.15533
78.2	1080.7	0.15553
78.4	1081.1	0.15572
78.6	1081.5	0.15592
78.8	1081.9	0.15612
79	1082.3	0.15631
79.2	1082.7	0.15651
79.4	1083.1	0.1567
79.6	1083.4	0.1569
79.8	1083.8	0.15709
80	1084.2	0.15729
80.2	1084.6	0.15748
80.4	1085	0.15768
80.6	1085.4	0.15787
80.8	1085.7	0.15807
81	1086.1	0.15826
81.2	1086.5	0.15845
81.4	1086.9	0.15865
81.6	1087.2	0.15884
81.8	1087.6	0.15904
82	1088	0.15923
82.2	1088.4	0.15942
82.4	1088.7	0.15962
82.6	1089.1	0.15981
82.8	1089.5	0.16
83	1089.8	0.1602
83.2	1090.2	0.16039
83.4	1090.6	0.16058
83.6	1090.9	0.16078
83.8	1091.3	0.16097
84	1091.7	0.16116
84.2	1092	0.16135
84.4	1092.4	0.16155
84.6	1092.8	0.16174
84.8	1093.1	0.16193
85	1093.5	0.16212
85.2	1093.9	0.16232
85.4	1094.2	0.16251
85.6	1094.6	0.1627
85.8	1094.9	0.16289
86	1095.3	0.16308
86.2	1095.6	0.16328
86.4	1096	0.16347
86.6	1096.4	0.16366
86.8	1096.7	0.16385
87	1097.1	0.16404
87.2	1097.4	0.16423
87.4	1097.8	0.16442
87.6	1098.1	0.16462
87.8	1098.5	0.16481
88	1098.8	0.165
88.2	1099.2	0.16519
88.4	1099.5	0.16538
88.6	1099.9	0.16557
88.8	1100.2	0.16576
89	1100.6	0.16595
89.2	1100.9	0.16614
89.4	1101.3	0.16633
89.6	1101.6	0.16652
89.8	1102	0.16671
90	1102.3	0.1669
90.2	1102.7	0.16709
90.4	1103	0.16728
90.6	1103.3	0.16747
90.8	1103.7	0.16766
91	1104	0.16785
91.2	1104.4	0.16804
91.4	1104.7	0.16823
91.6	1105	0.16842
91.8	1105.4	0.16861
92	1105.7	0.1688
92.2	1106.1	0.16899
92.4	1106.4	0.16917
92.6	1106.7	0.16936
92.8	1107.1	0.16955
93	1107.4	0.16974
93.2	1107.7	0.16993
93.4	1108.1	0.17012
93.6	1108.4	0.17031
93.8	1108.7	0.1705
94	1109.1	0.17068
94.2	1109.4	0.17087
94.4	1109.7	0.17106
94.6	1110.1	0.17125
94.8	1110.4	0.17144
95	1110.7	0.17162
95.2	1111	0.17181
95.4	1111.4	0.172
95.6	1111.7	0.17219
95.8	1112	0.17238
96	1112.3	0.17256
96.2	1112.7	0.17275
96.4	1113	0.17294
96.6	1113.3	0.17313
96.8	1113.6	0.17331
97	1114	0.1735
97.2	1114.3	0.17369
97.4	1114.6	0.17387
97.6	1114.9	0.17406
97.8	1115.2	0.17425
98	1115.6	0.17443
98.2	1115.9	0.17462
98.4	1116.2	0.17481
98.6	1116.5	0.17499
98.8	1116.8	0.17518
99	1117.2	0.17537
99.2	1117.5	0.17555
99.4	1117.8	0.17574
99.6	1118.1	0.17593
99.8	1118.4	0.17611
100	1118.7	0.1763
100.2	1119	0.17649
100.4	1119.4	0.17667
100.6	1119.7	0.17686
100.8	1120	0.17704
101	1120.3	0.17723
101.2	1120.6	0.17741
101.4	1120.9	0.1776
101.6	1121.2	0.17779
101.8	1121.5	0.17797
102	1121.8	0.17816
102.2	1122.2	0.17834
102.4	1122.5	0.17853
102.6	1122.8	0.17871
102.8	1123.1	0.1789
103	1123.4	0.17908
103.2	1123.7	0.17927
103.4	1124	0.17945
103.6	1124.3	0.17964
103.8	1124.6	0.17982
104	1124.9	0.18001
104.2	1125.2	0.18019
104.4	1125.5	0.18038
104.6	1125.8	0.18056
104.8	1126.1	0.18075
105	1126.4	0.18093
105.2	1126.7	0.18112
105.4	1127	0.1813
105.6	1127.3	0.18149
105.8	1127.6	0.18167
106	1127.9	0.18185
106.2	1128.2	0.18204
106.4	1128.5	0.18222
106.6	1128.8	0.18241
106.8	1129.1	0.18259
107	1129.4	0.18277
107.2	1129.7	0.18296
107.4	1130	0.18314
107.6	1130.3	0.18333
107.8	1130.6	0.18351
108	1130.9	0.18369
108.2	1131.2	0.18388
108.4	1131.5	0.18406
108.6	1131.8	0.18424
108.8	1132.1	0.18443
109	1132.3	0.18461
109.2	1132.6	0.18479
109.4	1132.9	0.18498
109.6	1133.2	0.18516
109.8	1133.5	0.18534
110	1133.8	0.18553
