   1.0000000e+02   2.5378764e+02
   1.1966474e+02   2.5553402e+02
   1.3932948e+02   2.5701753e+02
   1.5899422e+02   2.5846710e+02
   1.7865896e+02   2.5975911e+02
   1.9832370e+02   2.6092457e+02
   2.1798844e+02   2.6198064e+02
   2.3765319e+02   2.6294850e+02
   2.5731793e+02   2.6382576e+02
   2.7698267e+02   2.6466755e+02
   2.9664741e+02   2.6544633e+02
   3.1631215e+02   2.6616521e+02
   3.3597689e+02   2.6685930e+02
   3.5564163e+02   2.6750706e+02
   3.7530637e+02   2.6811340e+02
   3.9497111e+02   2.6868267e+02
   4.1463585e+02   2.6923398e+02
   4.3430059e+02   2.6976385e+02
   4.5396533e+02   2.7026957e+02
   4.7363008e+02   2.7072256e+02
   4.9329482e+02   2.7117234e+02
   5.1295956e+02   2.7159302e+02
   5.3262430e+02   2.7198540e+02
   5.5228904e+02   2.7236760e+02
   5.7195378e+02   2.7267420e+02
   5.9161852e+02   2.7288921e+02
   6.1128326e+02   2.7302855e+02
   6.3094800e+02   2.7310284e+02
   6.5061274e+02   2.7310407e+02
   6.7027748e+02   2.7310527e+02
   6.8994222e+02   2.7310643e+02
   7.0960697e+02   2.7310756e+02
   7.2927171e+02   2.7310865e+02
   7.4893645e+02   2.7310972e+02
   7.6860119e+02   2.7311076e+02
   7.8826593e+02   2.7311178e+02
   8.0793067e+02   2.7311276e+02
   8.2759541e+02   2.7311373e+02
   8.4726015e+02   2.7311467e+02
   8.6692489e+02   2.7311559e+02
   8.8658963e+02   2.7311649e+02
   9.0625437e+02   2.7311737e+02
   9.2591911e+02   2.7311823e+02
   9.4558385e+02   2.7311907e+02
   9.6524860e+02   2.7311990e+02
   9.8491334e+02   2.7312071e+02
   1.0045781e+03   2.7312150e+02
   1.0242428e+03   2.7312228e+02
   1.0439076e+03   2.7312304e+02
   1.0635723e+03   2.7312379e+02
   1.0832370e+03   2.7312453e+02
   1.1029018e+03   2.7312525e+02
   1.1225665e+03   2.7312595e+02
   1.1422313e+03   2.7312665e+02
   1.1618960e+03   2.7312734e+02
   1.1815607e+03   2.7312801e+02
   1.2012255e+03   2.7312867e+02
   1.2208902e+03   2.7312932e+02
   1.2405550e+03   2.7312996e+02
   1.2602197e+03   2.7313059e+02
   1.2798844e+03   2.7313121e+02
   1.2995492e+03   2.7313182e+02
   1.3192139e+03   2.7313243e+02
   1.3388787e+03   2.7313302e+02
   1.3585434e+03   2.7313361e+02
   1.3782082e+03   2.7313418e+02
   1.3978729e+03   2.7313475e+02
   1.4175376e+03   2.7313531e+02
   1.4372024e+03   2.7313586e+02
   1.4568671e+03   2.7313641e+02
   1.4765319e+03   2.7313695e+02
   1.4961966e+03   2.7313748e+02
   1.5158613e+03   2.7313800e+02
   1.5355261e+03   2.7313852e+02
   1.5551908e+03   2.7313903e+02
   1.5748556e+03   2.7313953e+02
   1.5945203e+03   2.7314003e+02
   1.6141850e+03   2.7314052e+02
   1.6338498e+03   2.7314101e+02
   1.6535145e+03   2.7314149e+02
   1.6731793e+03   2.7314196e+02
   1.6928440e+03   2.7314243e+02
   1.7125087e+03   2.7314289e+02
   1.7321735e+03   2.7314335e+02
   1.7518382e+03   2.7314380e+02
   1.7715030e+03   2.7314425e+02
   1.7911677e+03   2.7314469e+02
   1.8108325e+03   2.7314513e+02
   1.8304972e+03   2.7314556e+02
   1.8501619e+03   2.7314599e+02
   1.8698267e+03   2.7314641e+02
   1.8894914e+03   2.7314683e+02
   1.9091562e+03   2.7314725e+02
   1.9288209e+03   2.7314766e+02
   1.9484856e+03   2.7314807e+02
   1.9681504e+03   2.7314847e+02
   1.9878151e+03   2.7314887e+02
   2.0074799e+03   2.7314926e+02
   2.0271446e+03   2.7314966e+02
   2.0468093e+03   2.7315005e+02
