273	1000000	950	244
273	1000000	950	244
293	1000000	950	244
303	1000000	950	116
313	1000000	950	42.6
323	1000000	950	11.6
333	1000000	950	4.76
343	1000000	950	1.95
353	1000000	950	0.743
363	1000000	950	0.353
373	1000000	950	0.188
383	1000000	950	0.104
393	1000000	950	0.0665
403	1000000	950	0.0476
413	1000000	950	0.0294
423	1000000	950	0.0188
425	1000000	950	0.0188
273	2000000	950	244
273	2000000	950	244
293	2000000	950	244
303	2000000	950	116
313	2000000	950	42.6
323	2000000	950	11.6
333	2000000	950	4.76
343	2000000	950	1.95
353	2000000	950	0.743
363	2000000	950	0.353
373	2000000	950	0.188
383	2000000	950	0.104
393	2000000	950	0.0665
403	2000000	950	0.0476
413	2000000	950	0.0294
423	2000000	950	0.0188
425	2000000	950	0.0188
273	3000000	950	244
273	3000000	950	244
293	3000000	950	244
303	3000000	950	116
313	3000000	950	42.6
323	3000000	950	11.6
333	3000000	950	4.76
343	3000000	950	1.95
353	3000000	950	0.743
363	3000000	950	0.353
373	3000000	950	0.188
383	3000000	950	0.104
393	3000000	950	0.0665
403	3000000	950	0.0476
413	3000000	950	0.0294
423	3000000	950	0.0188
425	3000000	950	0.0188
273	4000000	950	244
273	4000000	950	244
293	4000000	950	244
303	4000000	950	116
313	4000000	950	42.6
323	4000000	950	11.6
333	4000000	950	4.76
343	4000000	950	1.95
353	4000000	950	0.743
363	4000000	950	0.353
373	4000000	950	0.188
383	4000000	950	0.104
393	4000000	950	0.0665
403	4000000	950	0.0476
413	4000000	950	0.0294
423	4000000	950	0.0188
425	4000000	950	0.0188
273	5000000	950	244
273	5000000	950	244
293	5000000	950	244
303	5000000	950	116
313	5000000	950	42.6
323	5000000	950	11.6
333	5000000	950	4.76
343	5000000	950	1.95
353	5000000	950	0.743
363	5000000	950	0.353
373	5000000	950	0.188
383	5000000	950	0.104
393	5000000	950	0.0665
403	5000000	950	0.0476
413	5000000	950	0.0294
423	5000000	950	0.0188
425	5000000	950	0.0188
273	6000000	950	244
273	6000000	950	244
293	6000000	950	244
303	6000000	950	116
313	6000000	950	42.6
323	6000000	950	11.6
333	6000000	950	4.76
343	6000000	950	1.95
353	6000000	950	0.743
363	6000000	950	0.353
373	6000000	950	0.188
383	6000000	950	0.104
393	6000000	950	0.0665
403	6000000	950	0.0476
413	6000000	950	0.0294
423	6000000	950	0.0188
425	6000000	950	0.0188
273	7000000	950	244
273	7000000	950	244
293	7000000	950	244
303	7000000	950	116
313	7000000	950	42.6
323	7000000	950	11.6
333	7000000	950	4.76
343	7000000	950	1.95
353	7000000	950	0.743
363	7000000	950	0.353
373	7000000	950	0.188
383	7000000	950	0.104
393	7000000	950	0.0665
403	7000000	950	0.0476
413	7000000	950	0.0294
423	7000000	950	0.0188
425	7000000	950	0.0188
273	8000000	950	244
273	8000000	950	244
293	8000000	950	244
303	8000000	950	116
313	8000000	950	42.6
323	8000000	950	11.6
333	8000000	950	4.76
343	8000000	950	1.95
353	8000000	950	0.743
363	8000000	950	0.353
373	8000000	950	0.188
383	8000000	950	0.104
393	8000000	950	0.0665
403	8000000	950	0.0476
413	8000000	950	0.0294
423	8000000	950	0.0188
425	8000000	950	0.0188
273	9000000	950	244
273	9000000	950	244
293	9000000	950	244
303	9000000	950	116
313	9000000	950	42.6
323	9000000	950	11.6
333	9000000	950	4.76
343	9000000	950	1.95
353	9000000	950	0.743
363	9000000	950	0.353
373	9000000	950	0.188
383	9000000	950	0.104
393	9000000	950	0.0665
403	9000000	950	0.0476
413	9000000	950	0.0294
423	9000000	950	0.0188
425	9000000	950	0.0188
273	10000000	950	244
273	10000000	950	244
293	10000000	950	244
303	10000000	950	116
313	10000000	950	42.6
323	10000000	950	11.6
333	10000000	950	4.76
343	10000000	950	1.95
353	10000000	950	0.743
363	10000000	950	0.353
373	10000000	950	0.188
383	10000000	950	0.104
393	10000000	950	0.0665
403	10000000	950	0.0476
413	10000000	950	0.0294
423	10000000	950	0.0188
425	10000000	950	0.0188
273	11000000	950	244
273	11000000	950	244
293	11000000	950	244
303	11000000	950	116
313	11000000	950	42.6
323	11000000	950	11.6
333	11000000	950	4.76
343	11000000	950	1.95
353	11000000	950	0.743
363	11000000	950	0.353
373	11000000	950	0.188
383	11000000	950	0.104
393	11000000	950	0.0665
403	11000000	950	0.0476
413	11000000	950	0.0294
423	11000000	950	0.0188
425	11000000	950	0.0188
273	12000000	950	244
273	12000000	950	244
293	12000000	950	244
303	12000000	950	116
313	12000000	950	42.6
323	12000000	950	11.6
333	12000000	950	4.76
343	12000000	950	1.95
353	12000000	950	0.743
363	12000000	950	0.353
373	12000000	950	0.188
383	12000000	950	0.104
393	12000000	950	0.0665
403	12000000	950	0.0476
413	12000000	950	0.0294
423	12000000	950	0.0188
425	12000000	950	0.0188
273	13000000	950	244
273	13000000	950	244
293	13000000	950	244
303	13000000	950	116
313	13000000	950	42.6
323	13000000	950	11.6
333	13000000	950	4.76
343	13000000	950	1.95
353	13000000	950	0.743
363	13000000	950	0.353
373	13000000	950	0.188
383	13000000	950	0.104
393	13000000	950	0.0665
403	13000000	950	0.0476
413	13000000	950	0.0294
423	13000000	950	0.0188
425	13000000	950	0.0188
273	14000000	950	244
273	14000000	950	244
293	14000000	950	244
303	14000000	950	116
313	14000000	950	42.6
323	14000000	950	11.6
333	14000000	950	4.76
343	14000000	950	1.95
353	14000000	950	0.743
363	14000000	950	0.353
373	14000000	950	0.188
383	14000000	950	0.104
393	14000000	950	0.0665
403	14000000	950	0.0476
413	14000000	950	0.0294
423	14000000	950	0.0188
425	14000000	950	0.0188
273	15000000	950	244
273	15000000	950	244
293	15000000	950	244
303	15000000	950	116
313	15000000	950	42.6
323	15000000	950	11.6
333	15000000	950	4.76
343	15000000	950	1.95
353	15000000	950	0.743
363	15000000	950	0.353
373	15000000	950	0.188
383	15000000	950	0.104
393	15000000	950	0.0665
403	15000000	950	0.0476
413	15000000	950	0.0294
423	15000000	950	0.0188
425	15000000	950	0.0188
273	16000000	950	244
273	16000000	950	244
293	16000000	950	244
303	16000000	950	116
313	16000000	950	42.6
323	16000000	950	11.6
333	16000000	950	4.76
343	16000000	950	1.95
353	16000000	950	0.743
363	16000000	950	0.353
373	16000000	950	0.188
383	16000000	950	0.104
393	16000000	950	0.0665
403	16000000	950	0.0476
413	16000000	950	0.0294
423	16000000	950	0.0188
425	16000000	950	0.0188
273	17000000	950	244
273	17000000	950	244
293	17000000	950	244
303	17000000	950	116
313	17000000	950	42.6
323	17000000	950	11.6
333	17000000	950	4.76
343	17000000	950	1.95
353	17000000	950	0.743
363	17000000	950	0.353
373	17000000	950	0.188
383	17000000	950	0.104
393	17000000	950	0.0665
403	17000000	950	0.0476
413	17000000	950	0.0294
423	17000000	950	0.0188
425	17000000	950	0.0188
273	18000000	950	244
273	18000000	950	244
293	18000000	950	244
303	18000000	950	116
313	18000000	950	42.6
323	18000000	950	11.6
333	18000000	950	4.76
343	18000000	950	1.95
353	18000000	950	0.743
363	18000000	950	0.353
373	18000000	950	0.188
383	18000000	950	0.104
393	18000000	950	0.0665
403	18000000	950	0.0476
413	18000000	950	0.0294
423	18000000	950	0.0188
425	18000000	950	0.0188
273	19000000	950	244
273	19000000	950	244
293	19000000	950	244
303	19000000	950	116
313	19000000	950	42.6
323	19000000	950	11.6
333	19000000	950	4.76
343	19000000	950	1.95
353	19000000	950	0.743
363	19000000	950	0.353
373	19000000	950	0.188
383	19000000	950	0.104
393	19000000	950	0.0665
403	19000000	950	0.0476
413	19000000	950	0.0294
423	19000000	950	0.0188
425	19000000	950	0.0188
273	20000000	950	244
273	20000000	950	244
293	20000000	950	244
303	20000000	950	116
313	20000000	950	42.6
323	20000000	950	11.6
333	20000000	950	4.76
343	20000000	950	1.95
353	20000000	950	0.743
363	20000000	950	0.353
373	20000000	950	0.188
383	20000000	950	0.104
393	20000000	950	0.0665
403	20000000	950	0.0476
413	20000000	950	0.0294
423	20000000	950	0.0188
425	20000000	950	0.0188
273	21000000	950	244
273	21000000	950	244
293	21000000	950	244
303	21000000	950	116
313	21000000	950	42.6
323	21000000	950	11.6
333	21000000	950	4.76
343	21000000	950	1.95
353	21000000	950	0.743
363	21000000	950	0.353
373	21000000	950	0.188
383	21000000	950	0.104
393	21000000	950	0.0665
403	21000000	950	0.0476
413	21000000	950	0.0294
423	21000000	950	0.0188
425	21000000	950	0.0188
273	22000000	950	244
273	22000000	950	244
293	22000000	950	244
303	22000000	950	116
313	22000000	950	42.6
323	22000000	950	11.6
333	22000000	950	4.76
343	22000000	950	1.95
353	22000000	950	0.743
363	22000000	950	0.353
373	22000000	950	0.188
383	22000000	950	0.104
393	22000000	950	0.0665
403	22000000	950	0.0476
413	22000000	950	0.0294
423	22000000	950	0.0188
425	22000000	950	0.0188
273	23000000	950	244
273	23000000	950	244
293	23000000	950	244
303	23000000	950	116
313	23000000	950	42.6
323	23000000	950	11.6
333	23000000	950	4.76
343	23000000	950	1.95
353	23000000	950	0.743
363	23000000	950	0.353
373	23000000	950	0.188
383	23000000	950	0.104
393	23000000	950	0.0665
403	23000000	950	0.0476
413	23000000	950	0.0294
423	23000000	950	0.0188
425	23000000	950	0.0188
273	24000000	950	244
273	24000000	950	244
293	24000000	950	244
303	24000000	950	116
313	24000000	950	42.6
323	24000000	950	11.6
333	24000000	950	4.76
343	24000000	950	1.95
353	24000000	950	0.743
363	24000000	950	0.353
373	24000000	950	0.188
383	24000000	950	0.104
393	24000000	950	0.0665
403	24000000	950	0.0476
413	24000000	950	0.0294
423	24000000	950	0.0188
425	24000000	950	0.0188
273	25000000	950	244
273	25000000	950	244
293	25000000	950	244
303	25000000	950	116
313	25000000	950	42.6
323	25000000	950	11.6
333	25000000	950	4.76
343	25000000	950	1.95
353	25000000	950	0.743
363	25000000	950	0.353
373	25000000	950	0.188
383	25000000	950	0.104
393	25000000	950	0.0665
403	25000000	950	0.0476
413	25000000	950	0.0294
423	25000000	950	0.0188
425	25000000	950	0.0188
273	26000000	950	244
273	26000000	950	244
293	26000000	950	244
303	26000000	950	116
313	26000000	950	42.6
323	26000000	950	11.6
333	26000000	950	4.76
343	26000000	950	1.95
353	26000000	950	0.743
363	26000000	950	0.353
373	26000000	950	0.188
383	26000000	950	0.104
393	26000000	950	0.0665
403	26000000	950	0.0476
413	26000000	950	0.0294
423	26000000	950	0.0188
425	26000000	950	0.0188
273	27000000	950	244
273	27000000	950	244
293	27000000	950	244
303	27000000	950	116
313	27000000	950	42.6
323	27000000	950	11.6
333	27000000	950	4.76
343	27000000	950	1.95
353	27000000	950	0.743
363	27000000	950	0.353
373	27000000	950	0.188
383	27000000	950	0.104
393	27000000	950	0.0665
403	27000000	950	0.0476
413	27000000	950	0.0294
423	27000000	950	0.0188
425	27000000	950	0.0188
273	28000000	950	244
273	28000000	950	244
293	28000000	950	244
303	28000000	950	116
313	28000000	950	42.6
323	28000000	950	11.6
333	28000000	950	4.76
343	28000000	950	1.95
353	28000000	950	0.743
363	28000000	950	0.353
373	28000000	950	0.188
383	28000000	950	0.104
393	28000000	950	0.0665
403	28000000	950	0.0476
413	28000000	950	0.0294
423	28000000	950	0.0188
425	28000000	950	0.0188
273	29000000	950	244
273	29000000	950	244
293	29000000	950	244
303	29000000	950	116
313	29000000	950	42.6
323	29000000	950	11.6
333	29000000	950	4.76
343	29000000	950	1.95
353	29000000	950	0.743
363	29000000	950	0.353
373	29000000	950	0.188
383	29000000	950	0.104
393	29000000	950	0.0665
403	29000000	950	0.0476
413	29000000	950	0.0294
423	29000000	950	0.0188
425	29000000	950	0.0188
273	30000000	950	244
273	30000000	950	244
293	30000000	950	244
303	30000000	950	116
313	30000000	950	42.6
323	30000000	950	11.6
333	30000000	950	4.76
343	30000000	950	1.95
353	30000000	950	0.743
363	30000000	950	0.353
373	30000000	950	0.188
383	30000000	950	0.104
393	30000000	950	0.0665
403	30000000	950	0.0476
413	30000000	950	0.0294
423	30000000	950	0.0188
425	30000000	950	0.0188
273	31000000	950	244
273	31000000	950	244
293	31000000	950	244
303	31000000	950	116
313	31000000	950	42.6
323	31000000	950	11.6
333	31000000	950	4.76
343	31000000	950	1.95
353	31000000	950	0.743
363	31000000	950	0.353
373	31000000	950	0.188
383	31000000	950	0.104
393	31000000	950	0.0665
403	31000000	950	0.0476
413	31000000	950	0.0294
423	31000000	950	0.0188
425	31000000	950	0.0188
273	32000000	950	244
273	32000000	950	244
293	32000000	950	244
303	32000000	950	116
313	32000000	950	42.6
323	32000000	950	11.6
333	32000000	950	4.76
343	32000000	950	1.95
353	32000000	950	0.743
363	32000000	950	0.353
373	32000000	950	0.188
383	32000000	950	0.104
393	32000000	950	0.0665
403	32000000	950	0.0476
413	32000000	950	0.0294
423	32000000	950	0.0188
425	32000000	950	0.0188
273	33000000	950	244
273	33000000	950	244
293	33000000	950	244
303	33000000	950	116
313	33000000	950	42.6
323	33000000	950	11.6
333	33000000	950	4.76
343	33000000	950	1.95
353	33000000	950	0.743
363	33000000	950	0.353
373	33000000	950	0.188
383	33000000	950	0.104
393	33000000	950	0.0665
403	33000000	950	0.0476
413	33000000	950	0.0294
423	33000000	950	0.0188
425	33000000	950	0.0188
273	34000000	950	244
273	34000000	950	244
293	34000000	950	244
303	34000000	950	116
313	34000000	950	42.6
323	34000000	950	11.6
333	34000000	950	4.76
343	34000000	950	1.95
353	34000000	950	0.743
363	34000000	950	0.353
373	34000000	950	0.188
383	34000000	950	0.104
393	34000000	950	0.0665
403	34000000	950	0.0476
413	34000000	950	0.0294
423	34000000	950	0.0188
425	34000000	950	0.0188
273	35000000	950	244
273	35000000	950	244
293	35000000	950	244
303	35000000	950	116
313	35000000	950	42.6
323	35000000	950	11.6
333	35000000	950	4.76
343	35000000	950	1.95
353	35000000	950	0.743
363	35000000	950	0.353
373	35000000	950	0.188
383	35000000	950	0.104
393	35000000	950	0.0665
403	35000000	950	0.0476
413	35000000	950	0.0294
423	35000000	950	0.0188
425	35000000	950	0.0188
273	36000000	950	244
273	36000000	950	244
293	36000000	950	244
303	36000000	950	116
313	36000000	950	42.6
323	36000000	950	11.6
333	36000000	950	4.76
343	36000000	950	1.95
353	36000000	950	0.743
363	36000000	950	0.353
373	36000000	950	0.188
383	36000000	950	0.104
393	36000000	950	0.0665
403	36000000	950	0.0476
413	36000000	950	0.0294
423	36000000	950	0.0188
425	36000000	950	0.0188
273	37000000	950	244
273	37000000	950	244
293	37000000	950	244
303	37000000	950	116
313	37000000	950	42.6
323	37000000	950	11.6
333	37000000	950	4.76
343	37000000	950	1.95
353	37000000	950	0.743
363	37000000	950	0.353
373	37000000	950	0.188
383	37000000	950	0.104
393	37000000	950	0.0665
403	37000000	950	0.0476
413	37000000	950	0.0294
423	37000000	950	0.0188
425	37000000	950	0.0188
273	38000000	950	244
273	38000000	950	244
293	38000000	950	244
303	38000000	950	116
313	38000000	950	42.6
323	38000000	950	11.6
333	38000000	950	4.76
343	38000000	950	1.95
353	38000000	950	0.743
363	38000000	950	0.353
373	38000000	950	0.188
383	38000000	950	0.104
393	38000000	950	0.0665
403	38000000	950	0.0476
413	38000000	950	0.0294
423	38000000	950	0.0188
425	38000000	950	0.0188
273	39000000	950	244
273	39000000	950	244
293	39000000	950	244
303	39000000	950	116
313	39000000	950	42.6
323	39000000	950	11.6
333	39000000	950	4.76
343	39000000	950	1.95
353	39000000	950	0.743
363	39000000	950	0.353
373	39000000	950	0.188
383	39000000	950	0.104
393	39000000	950	0.0665
403	39000000	950	0.0476
413	39000000	950	0.0294
423	39000000	950	0.0188
425	39000000	950	0.0188
273	40000000	950	244
273	40000000	950	244
293	40000000	950	244
303	40000000	950	116
313	40000000	950	42.6
323	40000000	950	11.6
333	40000000	950	4.76
343	40000000	950	1.95
353	40000000	950	0.743
363	40000000	950	0.353
373	40000000	950	0.188
383	40000000	950	0.104
393	40000000	950	0.0665
403	40000000	950	0.0476
413	40000000	950	0.0294
423	40000000	950	0.0188
425	40000000	950	0.0188
273	41000000	950	244
273	41000000	950	244
293	41000000	950	244
303	41000000	950	116
313	41000000	950	42.6
323	41000000	950	11.6
333	41000000	950	4.76
343	41000000	950	1.95
353	41000000	950	0.743
363	41000000	950	0.353
373	41000000	950	0.188
383	41000000	950	0.104
393	41000000	950	0.0665
403	41000000	950	0.0476
413	41000000	950	0.0294
423	41000000	950	0.0188
425	41000000	950	0.0188
273	42000000	950	244
273	42000000	950	244
293	42000000	950	244
303	42000000	950	116
313	42000000	950	42.6
323	42000000	950	11.6
333	42000000	950	4.76
343	42000000	950	1.95
353	42000000	950	0.743
363	42000000	950	0.353
373	42000000	950	0.188
383	42000000	950	0.104
393	42000000	950	0.0665
403	42000000	950	0.0476
413	42000000	950	0.0294
423	42000000	950	0.0188
425	42000000	950	0.0188
273	43000000	950	244
273	43000000	950	244
293	43000000	950	244
303	43000000	950	116
313	43000000	950	42.6
323	43000000	950	11.6
333	43000000	950	4.76
343	43000000	950	1.95
353	43000000	950	0.743
363	43000000	950	0.353
373	43000000	950	0.188
383	43000000	950	0.104
393	43000000	950	0.0665
403	43000000	950	0.0476
413	43000000	950	0.0294
423	43000000	950	0.0188
425	43000000	950	0.0188
273	44000000	950	244
273	44000000	950	244
293	44000000	950	244
303	44000000	950	116
313	44000000	950	42.6
323	44000000	950	11.6
333	44000000	950	4.76
343	44000000	950	1.95
353	44000000	950	0.743
363	44000000	950	0.353
373	44000000	950	0.188
383	44000000	950	0.104
393	44000000	950	0.0665
403	44000000	950	0.0476
413	44000000	950	0.0294
423	44000000	950	0.0188
425	44000000	950	0.0188
273	45000000	950	244
273	45000000	950	244
293	45000000	950	244
303	45000000	950	116
313	45000000	950	42.6
323	45000000	950	11.6
333	45000000	950	4.76
343	45000000	950	1.95
353	45000000	950	0.743
363	45000000	950	0.353
373	45000000	950	0.188
383	45000000	950	0.104
393	45000000	950	0.0665
403	45000000	950	0.0476
413	45000000	950	0.0294
423	45000000	950	0.0188
425	45000000	950	0.0188
273	46000000	950	244
273	46000000	950	244
293	46000000	950	244
303	46000000	950	116
313	46000000	950	42.6
323	46000000	950	11.6
333	46000000	950	4.76
343	46000000	950	1.95
353	46000000	950	0.743
363	46000000	950	0.353
373	46000000	950	0.188
383	46000000	950	0.104
393	46000000	950	0.0665
403	46000000	950	0.0476
413	46000000	950	0.0294
423	46000000	950	0.0188
425	46000000	950	0.0188
273	47000000	950	244
273	47000000	950	244
293	47000000	950	244
303	47000000	950	116
313	47000000	950	42.6
323	47000000	950	11.6
333	47000000	950	4.76
343	47000000	950	1.95
353	47000000	950	0.743
363	47000000	950	0.353
373	47000000	950	0.188
383	47000000	950	0.104
393	47000000	950	0.0665
403	47000000	950	0.0476
413	47000000	950	0.0294
423	47000000	950	0.0188
425	47000000	950	0.0188
273	48000000	950	244
273	48000000	950	244
293	48000000	950	244
303	48000000	950	116
313	48000000	950	42.6
323	48000000	950	11.6
333	48000000	950	4.76
343	48000000	950	1.95
353	48000000	950	0.743
363	48000000	950	0.353
373	48000000	950	0.188
383	48000000	950	0.104
393	48000000	950	0.0665
403	48000000	950	0.0476
413	48000000	950	0.0294
423	48000000	950	0.0188
425	48000000	950	0.0188
273	49000000	950	244
273	49000000	950	244
293	49000000	950	244
303	49000000	950	116
313	49000000	950	42.6
323	49000000	950	11.6
333	49000000	950	4.76
343	49000000	950	1.95
353	49000000	950	0.743
363	49000000	950	0.353
373	49000000	950	0.188
383	49000000	950	0.104
393	49000000	950	0.0665
403	49000000	950	0.0476
413	49000000	950	0.0294
423	49000000	950	0.0188
425	49000000	950	0.0188
273	50000000	950	244
273	50000000	950	244
293	50000000	950	244
303	50000000	950	116
313	50000000	950	42.6
323	50000000	950	11.6
333	50000000	950	4.76
343	50000000	950	1.95
353	50000000	950	0.743
363	50000000	950	0.353
373	50000000	950	0.188
383	50000000	950	0.104
393	50000000	950	0.0665
403	50000000	950	0.0476
413	50000000	950	0.0294
423	50000000	950	0.0188
425	50000000	950	0.0188
273	51000000	950	244
273	51000000	950	244
293	51000000	950	244
303	51000000	950	116
313	51000000	950	42.6
323	51000000	950	11.6
333	51000000	950	4.76
343	51000000	950	1.95
353	51000000	950	0.743
363	51000000	950	0.353
373	51000000	950	0.188
383	51000000	950	0.104
393	51000000	950	0.0665
403	51000000	950	0.0476
413	51000000	950	0.0294
423	51000000	950	0.0188
425	51000000	950	0.0188
273	52000000	950	244
273	52000000	950	244
293	52000000	950	244
303	52000000	950	116
313	52000000	950	42.6
323	52000000	950	11.6
333	52000000	950	4.76
343	52000000	950	1.95
353	52000000	950	0.743
363	52000000	950	0.353
373	52000000	950	0.188
383	52000000	950	0.104
393	52000000	950	0.0665
403	52000000	950	0.0476
413	52000000	950	0.0294
423	52000000	950	0.0188
425	52000000	950	0.0188
273	53000000	950	244
273	53000000	950	244
293	53000000	950	244
303	53000000	950	116
313	53000000	950	42.6
323	53000000	950	11.6
333	53000000	950	4.76
343	53000000	950	1.95
353	53000000	950	0.743
363	53000000	950	0.353
373	53000000	950	0.188
383	53000000	950	0.104
393	53000000	950	0.0665
403	53000000	950	0.0476
413	53000000	950	0.0294
423	53000000	950	0.0188
425	53000000	950	0.0188
273	54000000	950	244
273	54000000	950	244
293	54000000	950	244
303	54000000	950	116
313	54000000	950	42.6
323	54000000	950	11.6
333	54000000	950	4.76
343	54000000	950	1.95
353	54000000	950	0.743
363	54000000	950	0.353
373	54000000	950	0.188
383	54000000	950	0.104
393	54000000	950	0.0665
403	54000000	950	0.0476
413	54000000	950	0.0294
423	54000000	950	0.0188
425	54000000	950	0.0188
273	55000000	950	244
273	55000000	950	244
293	55000000	950	244
303	55000000	950	116
313	55000000	950	42.6
323	55000000	950	11.6
333	55000000	950	4.76
343	55000000	950	1.95
353	55000000	950	0.743
363	55000000	950	0.353
373	55000000	950	0.188
383	55000000	950	0.104
393	55000000	950	0.0665
403	55000000	950	0.0476
413	55000000	950	0.0294
423	55000000	950	0.0188
425	55000000	950	0.0188
273	56000000	950	244
273	56000000	950	244
293	56000000	950	244
303	56000000	950	116
313	56000000	950	42.6
323	56000000	950	11.6
333	56000000	950	4.76
343	56000000	950	1.95
353	56000000	950	0.743
363	56000000	950	0.353
373	56000000	950	0.188
383	56000000	950	0.104
393	56000000	950	0.0665
403	56000000	950	0.0476
413	56000000	950	0.0294
423	56000000	950	0.0188
425	56000000	950	0.0188
273	57000000	950	244
273	57000000	950	244
293	57000000	950	244
303	57000000	950	116
313	57000000	950	42.6
323	57000000	950	11.6
333	57000000	950	4.76
343	57000000	950	1.95
353	57000000	950	0.743
363	57000000	950	0.353
373	57000000	950	0.188
383	57000000	950	0.104
393	57000000	950	0.0665
403	57000000	950	0.0476
413	57000000	950	0.0294
423	57000000	950	0.0188
425	57000000	950	0.0188
273	58000000	950	244
273	58000000	950	244
293	58000000	950	244
303	58000000	950	116
313	58000000	950	42.6
323	58000000	950	11.6
333	58000000	950	4.76
343	58000000	950	1.95
353	58000000	950	0.743
363	58000000	950	0.353
373	58000000	950	0.188
383	58000000	950	0.104
393	58000000	950	0.0665
403	58000000	950	0.0476
413	58000000	950	0.0294
423	58000000	950	0.0188
425	58000000	950	0.0188
273	59000000	950	244
273	59000000	950	244
293	59000000	950	244
303	59000000	950	116
313	59000000	950	42.6
323	59000000	950	11.6
333	59000000	950	4.76
343	59000000	950	1.95
353	59000000	950	0.743
363	59000000	950	0.353
373	59000000	950	0.188
383	59000000	950	0.104
393	59000000	950	0.0665
403	59000000	950	0.0476
413	59000000	950	0.0294
423	59000000	950	0.0188
425	59000000	950	0.0188
273	60000000	950	244
273	60000000	950	244
293	60000000	950	244
303	60000000	950	116
313	60000000	950	42.6
323	60000000	950	11.6
333	60000000	950	4.76
343	60000000	950	1.95
353	60000000	950	0.743
363	60000000	950	0.353
373	60000000	950	0.188
383	60000000	950	0.104
393	60000000	950	0.0665
403	60000000	950	0.0476
413	60000000	950	0.0294
423	60000000	950	0.0188
425	60000000	950	0.0188
273	61000000	950	244
273	61000000	950	244
293	61000000	950	244
303	61000000	950	116
313	61000000	950	42.6
323	61000000	950	11.6
333	61000000	950	4.76
343	61000000	950	1.95
353	61000000	950	0.743
363	61000000	950	0.353
373	61000000	950	0.188
383	61000000	950	0.104
393	61000000	950	0.0665
403	61000000	950	0.0476
413	61000000	950	0.0294
423	61000000	950	0.0188
425	61000000	950	0.0188
273	62000000	950	244
273	62000000	950	244
293	62000000	950	244
303	62000000	950	116
313	62000000	950	42.6
323	62000000	950	11.6
333	62000000	950	4.76
343	62000000	950	1.95
353	62000000	950	0.743
363	62000000	950	0.353
373	62000000	950	0.188
383	62000000	950	0.104
393	62000000	950	0.0665
403	62000000	950	0.0476
413	62000000	950	0.0294
423	62000000	950	0.0188
425	62000000	950	0.0188
273	63000000	950	244
273	63000000	950	244
293	63000000	950	244
303	63000000	950	116
313	63000000	950	42.6
323	63000000	950	11.6
333	63000000	950	4.76
343	63000000	950	1.95
353	63000000	950	0.743
363	63000000	950	0.353
373	63000000	950	0.188
383	63000000	950	0.104
393	63000000	950	0.0665
403	63000000	950	0.0476
413	63000000	950	0.0294
423	63000000	950	0.0188
425	63000000	950	0.0188
273	64000000	950	244
273	64000000	950	244
293	64000000	950	244
303	64000000	950	116
313	64000000	950	42.6
323	64000000	950	11.6
333	64000000	950	4.76
343	64000000	950	1.95
353	64000000	950	0.743
363	64000000	950	0.353
373	64000000	950	0.188
383	64000000	950	0.104
393	64000000	950	0.0665
403	64000000	950	0.0476
413	64000000	950	0.0294
423	64000000	950	0.0188
425	64000000	950	0.0188
273	65000000	950	244
273	65000000	950	244
293	65000000	950	244
303	65000000	950	116
313	65000000	950	42.6
323	65000000	950	11.6
333	65000000	950	4.76
343	65000000	950	1.95
353	65000000	950	0.743
363	65000000	950	0.353
373	65000000	950	0.188
383	65000000	950	0.104
393	65000000	950	0.0665
403	65000000	950	0.0476
413	65000000	950	0.0294
423	65000000	950	0.0188
425	65000000	950	0.0188
273	66000000	950	244
273	66000000	950	244
293	66000000	950	244
303	66000000	950	116
313	66000000	950	42.6
323	66000000	950	11.6
333	66000000	950	4.76
343	66000000	950	1.95
353	66000000	950	0.743
363	66000000	950	0.353
373	66000000	950	0.188
383	66000000	950	0.104
393	66000000	950	0.0665
403	66000000	950	0.0476
413	66000000	950	0.0294
423	66000000	950	0.0188
425	66000000	950	0.0188
273	67000000	950	244
273	67000000	950	244
293	67000000	950	244
303	67000000	950	116
313	67000000	950	42.6
323	67000000	950	11.6
333	67000000	950	4.76
343	67000000	950	1.95
353	67000000	950	0.743
363	67000000	950	0.353
373	67000000	950	0.188
383	67000000	950	0.104
393	67000000	950	0.0665
403	67000000	950	0.0476
413	67000000	950	0.0294
423	67000000	950	0.0188
425	67000000	950	0.0188
273	68000000	950	244
273	68000000	950	244
293	68000000	950	244
303	68000000	950	116
313	68000000	950	42.6
323	68000000	950	11.6
333	68000000	950	4.76
343	68000000	950	1.95
353	68000000	950	0.743
363	68000000	950	0.353
373	68000000	950	0.188
383	68000000	950	0.104
393	68000000	950	0.0665
403	68000000	950	0.0476
413	68000000	950	0.0294
423	68000000	950	0.0188
425	68000000	950	0.0188
273	69000000	950	244
273	69000000	950	244
293	69000000	950	244
303	69000000	950	116
313	69000000	950	42.6
323	69000000	950	11.6
333	69000000	950	4.76
343	69000000	950	1.95
353	69000000	950	0.743
363	69000000	950	0.353
373	69000000	950	0.188
383	69000000	950	0.104
393	69000000	950	0.0665
403	69000000	950	0.0476
413	69000000	950	0.0294
423	69000000	950	0.0188
425	69000000	950	0.0188
273	70000000	950	244
273	70000000	950	244
293	70000000	950	244
303	70000000	950	116
313	70000000	950	42.6
323	70000000	950	11.6
333	70000000	950	4.76
343	70000000	950	1.95
353	70000000	950	0.743
363	70000000	950	0.353
373	70000000	950	0.188
383	70000000	950	0.104
393	70000000	950	0.0665
403	70000000	950	0.0476
413	70000000	950	0.0294
423	70000000	950	0.0188
425	70000000	950	0.0188
273	71000000	950	244
273	71000000	950	244
293	71000000	950	244
303	71000000	950	116
313	71000000	950	42.6
323	71000000	950	11.6
333	71000000	950	4.76
343	71000000	950	1.95
353	71000000	950	0.743
363	71000000	950	0.353
373	71000000	950	0.188
383	71000000	950	0.104
393	71000000	950	0.0665
403	71000000	950	0.0476
413	71000000	950	0.0294
423	71000000	950	0.0188
425	71000000	950	0.0188
273	72000000	950	244
273	72000000	950	244
293	72000000	950	244
303	72000000	950	116
313	72000000	950	42.6
323	72000000	950	11.6
333	72000000	950	4.76
343	72000000	950	1.95
353	72000000	950	0.743
363	72000000	950	0.353
373	72000000	950	0.188
383	72000000	950	0.104
393	72000000	950	0.0665
403	72000000	950	0.0476
413	72000000	950	0.0294
423	72000000	950	0.0188
425	72000000	950	0.0188
273	73000000	950	244
273	73000000	950	244
293	73000000	950	244
303	73000000	950	116
313	73000000	950	42.6
323	73000000	950	11.6
333	73000000	950	4.76
343	73000000	950	1.95
353	73000000	950	0.743
363	73000000	950	0.353
373	73000000	950	0.188
383	73000000	950	0.104
393	73000000	950	0.0665
403	73000000	950	0.0476
413	73000000	950	0.0294
423	73000000	950	0.0188
425	73000000	950	0.0188
273	74000000	950	244
273	74000000	950	244
293	74000000	950	244
303	74000000	950	116
313	74000000	950	42.6
323	74000000	950	11.6
333	74000000	950	4.76
343	74000000	950	1.95
353	74000000	950	0.743
363	74000000	950	0.353
373	74000000	950	0.188
383	74000000	950	0.104
393	74000000	950	0.0665
403	74000000	950	0.0476
413	74000000	950	0.0294
423	74000000	950	0.0188
425	74000000	950	0.0188
273	75000000	950	244
273	75000000	950	244
293	75000000	950	244
303	75000000	950	116
313	75000000	950	42.6
323	75000000	950	11.6
333	75000000	950	4.76
343	75000000	950	1.95
353	75000000	950	0.743
363	75000000	950	0.353
373	75000000	950	0.188
383	75000000	950	0.104
393	75000000	950	0.0665
403	75000000	950	0.0476
413	75000000	950	0.0294
423	75000000	950	0.0188
425	75000000	950	0.0188
273	76000000	950	244
273	76000000	950	244
293	76000000	950	244
303	76000000	950	116
313	76000000	950	42.6
323	76000000	950	11.6
333	76000000	950	4.76
343	76000000	950	1.95
353	76000000	950	0.743
363	76000000	950	0.353
373	76000000	950	0.188
383	76000000	950	0.104
393	76000000	950	0.0665
403	76000000	950	0.0476
413	76000000	950	0.0294
423	76000000	950	0.0188
425	76000000	950	0.0188
273	77000000	950	244
273	77000000	950	244
293	77000000	950	244
303	77000000	950	116
313	77000000	950	42.6
323	77000000	950	11.6
333	77000000	950	4.76
343	77000000	950	1.95
353	77000000	950	0.743
363	77000000	950	0.353
373	77000000	950	0.188
383	77000000	950	0.104
393	77000000	950	0.0665
403	77000000	950	0.0476
413	77000000	950	0.0294
423	77000000	950	0.0188
425	77000000	950	0.0188
273	78000000	950	244
273	78000000	950	244
293	78000000	950	244
303	78000000	950	116
313	78000000	950	42.6
323	78000000	950	11.6
333	78000000	950	4.76
343	78000000	950	1.95
353	78000000	950	0.743
363	78000000	950	0.353
373	78000000	950	0.188
383	78000000	950	0.104
393	78000000	950	0.0665
403	78000000	950	0.0476
413	78000000	950	0.0294
423	78000000	950	0.0188
425	78000000	950	0.0188
273	79000000	950	244
273	79000000	950	244
293	79000000	950	244
303	79000000	950	116
313	79000000	950	42.6
323	79000000	950	11.6
333	79000000	950	4.76
343	79000000	950	1.95
353	79000000	950	0.743
363	79000000	950	0.353
373	79000000	950	0.188
383	79000000	950	0.104
393	79000000	950	0.0665
403	79000000	950	0.0476
413	79000000	950	0.0294
423	79000000	950	0.0188
425	79000000	950	0.0188
273	80000000	950	244
273	80000000	950	244
293	80000000	950	244
303	80000000	950	116
313	80000000	950	42.6
323	80000000	950	11.6
333	80000000	950	4.76
343	80000000	950	1.95
353	80000000	950	0.743
363	80000000	950	0.353
373	80000000	950	0.188
383	80000000	950	0.104
393	80000000	950	0.0665
403	80000000	950	0.0476
413	80000000	950	0.0294
423	80000000	950	0.0188
425	80000000	950	0.0188
273	81000000	950	244
273	81000000	950	244
293	81000000	950	244
303	81000000	950	116
313	81000000	950	42.6
323	81000000	950	11.6
333	81000000	950	4.76
343	81000000	950	1.95
353	81000000	950	0.743
363	81000000	950	0.353
373	81000000	950	0.188
383	81000000	950	0.104
393	81000000	950	0.0665
403	81000000	950	0.0476
413	81000000	950	0.0294
423	81000000	950	0.0188
425	81000000	950	0.0188
273	82000000	950	244
273	82000000	950	244
293	82000000	950	244
303	82000000	950	116
313	82000000	950	42.6
323	82000000	950	11.6
333	82000000	950	4.76
343	82000000	950	1.95
353	82000000	950	0.743
363	82000000	950	0.353
373	82000000	950	0.188
383	82000000	950	0.104
393	82000000	950	0.0665
403	82000000	950	0.0476
413	82000000	950	0.0294
423	82000000	950	0.0188
425	82000000	950	0.0188
273	83000000	950	244
273	83000000	950	244
293	83000000	950	244
303	83000000	950	116
313	83000000	950	42.6
323	83000000	950	11.6
333	83000000	950	4.76
343	83000000	950	1.95
353	83000000	950	0.743
363	83000000	950	0.353
373	83000000	950	0.188
383	83000000	950	0.104
393	83000000	950	0.0665
403	83000000	950	0.0476
413	83000000	950	0.0294
423	83000000	950	0.0188
425	83000000	950	0.0188
273	84000000	950	244
273	84000000	950	244
293	84000000	950	244
303	84000000	950	116
313	84000000	950	42.6
323	84000000	950	11.6
333	84000000	950	4.76
343	84000000	950	1.95
353	84000000	950	0.743
363	84000000	950	0.353
373	84000000	950	0.188
383	84000000	950	0.104
393	84000000	950	0.0665
403	84000000	950	0.0476
413	84000000	950	0.0294
423	84000000	950	0.0188
425	84000000	950	0.0188
273	85000000	950	244
273	85000000	950	244
293	85000000	950	244
303	85000000	950	116
313	85000000	950	42.6
323	85000000	950	11.6
333	85000000	950	4.76
343	85000000	950	1.95
353	85000000	950	0.743
363	85000000	950	0.353
373	85000000	950	0.188
383	85000000	950	0.104
393	85000000	950	0.0665
403	85000000	950	0.0476
413	85000000	950	0.0294
423	85000000	950	0.0188
425	85000000	950	0.0188
273	86000000	950	244
273	86000000	950	244
293	86000000	950	244
303	86000000	950	116
313	86000000	950	42.6
323	86000000	950	11.6
333	86000000	950	4.76
343	86000000	950	1.95
353	86000000	950	0.743
363	86000000	950	0.353
373	86000000	950	0.188
383	86000000	950	0.104
393	86000000	950	0.0665
403	86000000	950	0.0476
413	86000000	950	0.0294
423	86000000	950	0.0188
425	86000000	950	0.0188
273	87000000	950	244
273	87000000	950	244
293	87000000	950	244
303	87000000	950	116
313	87000000	950	42.6
323	87000000	950	11.6
333	87000000	950	4.76
343	87000000	950	1.95
353	87000000	950	0.743
363	87000000	950	0.353
373	87000000	950	0.188
383	87000000	950	0.104
393	87000000	950	0.0665
403	87000000	950	0.0476
413	87000000	950	0.0294
423	87000000	950	0.0188
425	87000000	950	0.0188
273	88000000	950	244
273	88000000	950	244
293	88000000	950	244
303	88000000	950	116
313	88000000	950	42.6
323	88000000	950	11.6
333	88000000	950	4.76
343	88000000	950	1.95
353	88000000	950	0.743
363	88000000	950	0.353
373	88000000	950	0.188
383	88000000	950	0.104
393	88000000	950	0.0665
403	88000000	950	0.0476
413	88000000	950	0.0294
423	88000000	950	0.0188
425	88000000	950	0.0188
273	89000000	950	244
273	89000000	950	244
293	89000000	950	244
303	89000000	950	116
313	89000000	950	42.6
323	89000000	950	11.6
333	89000000	950	4.76
343	89000000	950	1.95
353	89000000	950	0.743
363	89000000	950	0.353
373	89000000	950	0.188
383	89000000	950	0.104
393	89000000	950	0.0665
403	89000000	950	0.0476
413	89000000	950	0.0294
423	89000000	950	0.0188
425	89000000	950	0.0188
273	90000000	950	244
273	90000000	950	244
293	90000000	950	244
303	90000000	950	116
313	90000000	950	42.6
323	90000000	950	11.6
333	90000000	950	4.76
343	90000000	950	1.95
353	90000000	950	0.743
363	90000000	950	0.353
373	90000000	950	0.188
383	90000000	950	0.104
393	90000000	950	0.0665
403	90000000	950	0.0476
413	90000000	950	0.0294
423	90000000	950	0.0188
425	90000000	950	0.0188
273	91000000	950	244
273	91000000	950	244
293	91000000	950	244
303	91000000	950	116
313	91000000	950	42.6
323	91000000	950	11.6
333	91000000	950	4.76
343	91000000	950	1.95
353	91000000	950	0.743
363	91000000	950	0.353
373	91000000	950	0.188
383	91000000	950	0.104
393	91000000	950	0.0665
403	91000000	950	0.0476
413	91000000	950	0.0294
423	91000000	950	0.0188
425	91000000	950	0.0188
273	92000000	950	244
273	92000000	950	244
293	92000000	950	244
303	92000000	950	116
313	92000000	950	42.6
323	92000000	950	11.6
333	92000000	950	4.76
343	92000000	950	1.95
353	92000000	950	0.743
363	92000000	950	0.353
373	92000000	950	0.188
383	92000000	950	0.104
393	92000000	950	0.0665
403	92000000	950	0.0476
413	92000000	950	0.0294
423	92000000	950	0.0188
425	92000000	950	0.0188
273	93000000	950	244
273	93000000	950	244
293	93000000	950	244
303	93000000	950	116
313	93000000	950	42.6
323	93000000	950	11.6
333	93000000	950	4.76
343	93000000	950	1.95
353	93000000	950	0.743
363	93000000	950	0.353
373	93000000	950	0.188
383	93000000	950	0.104
393	93000000	950	0.0665
403	93000000	950	0.0476
413	93000000	950	0.0294
423	93000000	950	0.0188
425	93000000	950	0.0188
273	94000000	950	244
273	94000000	950	244
293	94000000	950	244
303	94000000	950	116
313	94000000	950	42.6
323	94000000	950	11.6
333	94000000	950	4.76
343	94000000	950	1.95
353	94000000	950	0.743
363	94000000	950	0.353
373	94000000	950	0.188
383	94000000	950	0.104
393	94000000	950	0.0665
403	94000000	950	0.0476
413	94000000	950	0.0294
423	94000000	950	0.0188
425	94000000	950	0.0188
273	95000000	950	244
273	95000000	950	244
293	95000000	950	244
303	95000000	950	116
313	95000000	950	42.6
323	95000000	950	11.6
333	95000000	950	4.76
343	95000000	950	1.95
353	95000000	950	0.743
363	95000000	950	0.353
373	95000000	950	0.188
383	95000000	950	0.104
393	95000000	950	0.0665
403	95000000	950	0.0476
413	95000000	950	0.0294
423	95000000	950	0.0188
425	95000000	950	0.0188
273	96000000	950	244
273	96000000	950	244
293	96000000	950	244
303	96000000	950	116
313	96000000	950	42.6
323	96000000	950	11.6
333	96000000	950	4.76
343	96000000	950	1.95
353	96000000	950	0.743
363	96000000	950	0.353
373	96000000	950	0.188
383	96000000	950	0.104
393	96000000	950	0.0665
403	96000000	950	0.0476
413	96000000	950	0.0294
423	96000000	950	0.0188
425	96000000	950	0.0188
273	97000000	950	244
273	97000000	950	244
293	97000000	950	244
303	97000000	950	116
313	97000000	950	42.6
323	97000000	950	11.6
333	97000000	950	4.76
343	97000000	950	1.95
353	97000000	950	0.743
363	97000000	950	0.353
373	97000000	950	0.188
383	97000000	950	0.104
393	97000000	950	0.0665
403	97000000	950	0.0476
413	97000000	950	0.0294
423	97000000	950	0.0188
425	97000000	950	0.0188
273	98000000	950	244
273	98000000	950	244
293	98000000	950	244
303	98000000	950	116
313	98000000	950	42.6
323	98000000	950	11.6
333	98000000	950	4.76
343	98000000	950	1.95
353	98000000	950	0.743
363	98000000	950	0.353
373	98000000	950	0.188
383	98000000	950	0.104
393	98000000	950	0.0665
403	98000000	950	0.0476
413	98000000	950	0.0294
423	98000000	950	0.0188
425	98000000	950	0.0188
273	99000000	950	244
273	99000000	950	244
293	99000000	950	244
303	99000000	950	116
313	99000000	950	42.6
323	99000000	950	11.6
333	99000000	950	4.76
343	99000000	950	1.95
353	99000000	950	0.743
363	99000000	950	0.353
373	99000000	950	0.188
383	99000000	950	0.104
393	99000000	950	0.0665
403	99000000	950	0.0476
413	99000000	950	0.0294
423	99000000	950	0.0188
425	99000000	950	0.0188
273	100000000	950	244
273	100000000	950	244
293	100000000	950	244
303	100000000	950	116
313	100000000	950	42.6
323	100000000	950	11.6
333	100000000	950	4.76
343	100000000	950	1.95
353	100000000	950	0.743
363	100000000	950	0.353
373	100000000	950	0.188
383	100000000	950	0.104
393	100000000	950	0.0665
403	100000000	950	0.0476
413	100000000	950	0.0294
423	100000000	950	0.0188
425	100000000	950	0.0188