0.0   0 
0.010101010101010102   0 
0.020202020202020204   0 
0.030303030303030304   0 
0.04040404040404041   0 
0.05050505050505051   0 
0.06060606060606061   0 
0.07070707070707072   0 
0.08080808080808081   0 
0.09090909090909091   0 
0.10101010101010102   0 
0.11111111111111112   0 
0.12121212121212122   0 
0.13131313131313133   0 
0.14141414141414144   0 
0.15151515151515152   0 
0.16161616161616163   0 
0.17171717171717174   0 
0.18181818181818182   0 
0.19191919191919193   0 
0.20202020202020204   1.6103283627006007e-08 
0.21212121212121213   3.478309263433226e-06 
0.22222222222222224   2.1433470507544594e-05 
0.23232323232323235   6.595904973621541e-05 
0.24242424242424243   0.0001491325096696997 
0.25252525252525254   0.0002830313130282522 
0.26262626262626265   0.00047973292253212705 
0.27272727272727276   0.0007513148009015786 
0.2828282828282829   0.0011098544108568609 
0.29292929292929293   0.001567429215118226 
0.30303030303030304   0.0021361166764059325 
0.31313131313131315   0.0028279942574402322 
0.32323232323232326   0.0036551394209413815 
0.33333333333333337   0.004629629629629631 
0.3434343434343435   0.00576354234622524 
0.3535353535353536   0.007068955033448458 
0.36363636363636365   0.008557945154019532 
0.37373737373737376   0.010242590170658736 
0.38383838383838387   0.012134967546086312 
0.393939393939394   0.014247154743022518 
0.4040404040404041   0.0165912292241876 
0.4141414141414142   0.019179268452301827 
0.42424242424242425   0.02202334989008542 
0.43434343434343436   0.025135551000258684 
0.4444444444444445   0.028527949245541844 
0.4545454545454546   0.03221262208865514 
0.4646464646464647   0.03620164699231887 
0.4747474747474748   0.040507101419253254 
0.48484848484848486   0.04514106283217852 
0.494949494949495   0.050115608693815 
0.5050505050505051   0.05544281646688289 
0.5151515151515152   0.0611347636141025 
0.5252525252525253   0.06720352759819397 
0.5353535353535354   0.07366118588187763 
0.5454545454545455   0.08051981592787381 
0.5555555555555556   0.08779149519890259 
0.5656565656565657   0.09548830115768442 
0.5757575757575758   0.10362231126693938 
0.5858585858585859   0.11220560298938777 
0.595959595959596   0.12125025378774998 
0.6060606060606061   0.13076834112474608 
0.6161616161616162   0.14077194246309643 
0.6262626262626263   0.15127313526552127 
0.6363636363636365   0.16228399699474086 
0.6464646464646465   0.17381660511347533 
0.6565656565656566   0.18588303708444512 
0.6666666666666667   0.1984953703703704 
0.6767676767676768   0.21166568243397132 
0.686868686868687   0.2254060507379685 
0.696969696969697   0.23972855274508167 
0.7070707070707072   0.2546452659180316 
0.7171717171717172   0.27016826771953795 
0.7272727272727273   0.28630963561232164 
0.7373737373737375   0.30308144705910256 
0.7474747474747475   0.32049577952260067 
0.7575757575757577   0.338564710465537 
0.7676767676767677   0.3573003173506312 
0.7777777777777778   0.37671467764060335 
0.787878787878788   0.3968198687981746 
0.797979797979798   0.41762796828606447 
0.8080808080808082   0.4391510535669936 
0.8181818181818182   0.4614012021036814 
0.8282828282828284   0.4843904913588492 
0.8383838383838385   0.5081309987952171 
0.8484848484848485   0.5326348018755043 
0.8585858585858587   0.5579139780624323 
0.8686868686868687   0.583980604818721 
0.8787878787878789   0.6108467596070905 
0.888888888888889   0.6385245198902605 
0.8989898989898991   0.6670259631309526 
0.9090909090909092   0.696363166791886 
0.9191919191919192   0.7265482083357808 
0.9292929292929294   0.7575931652253585 
0.9393939393939394   0.7895101149233382 
0.9494949494949496   0.8223111348924409 
0.9595959595959597   0.8560083025953855 
0.9696969696969697   0.8906136954948939 
0.9797979797979799   0.926139391053686 
0.98989898989899   0.9625974667344808 
1.0   1.0 
