-9.499 -64.066 3.596 -9.499 -64.066 10.440 0.065 -62.803 3.596
-33.450 96.806 -11.585 -33.450 96.806 -0.095 -25.322 97.053 -11.585
-14.864 138.610 3.605 -14.864 138.610 10.752 -9.586 139.504 3.605
-23.360 -29.321 1.737 -23.360 -29.321 12.015 -17.956 -30.057 1.737
14.516 30.282 12.855 14.516 30.282 20.304 23.397 31.971 12.855
-19.726 112.380 -17.817 -19.726 112.380 -11.984 -11.143 111.422 -17.817
48.290 -63.711 -15.383 48.290 -63.711 -6.418 46.579 -64.051 -15.383
2.239 108.782 1.603 2.239 108.782 4.810 8.147 108.865 1.603
-2.779 105.870 -10.308 -2.779 105.870 -7.303 6.053 107.549 -10.308
-31.884 94.334 -22.333 -31.884 94.334 -19.665 -24.419 93.957 -22.333
-15.844 128.613 13.931 -15.844 128.613 17.239 -8.081 128.126 13.931
30.419 60.495 -22.188 30.419 60.495 -19.376 36.555 61.055 -22.188
-43.667 -141.082 -18.701 -43.667 -141.082 -12.968 -38.112 -141.139 -18.701
-20.861 70.164 13.273 -20.861 70.164 23.652 -13.841 70.206 13.273
-23.571 -32.809 4.486 -23.571 -32.809 16.178 -18.625 -33.544 4.486
-44.378 55.521 -6.480 -44.378 55.521 4.707 -38.755 56.033 -6.480
-27.187 -80.491 -3.245 -27.187 -80.491 5.517 -17.644 -80.665 -3.245
-47.127 140.600 -14.610 -47.127 140.600 -4.534 -44.255 140.490 -14.610
-43.164 141.082 8.736 -43.164 141.082 16.085 -38.044 140.511 8.736
-37.011 48.822 -4.279 -37.011 48.822 2.060 -29.618 49.496 -4.279
-16.906 -40.033 -20.923 -16.906 -40.033 -17.615 -11.164 -40.463 -20.923
-43.190 80.559 -0.213 -43.190 80.559 3.197 -36.379 80.656 -0.213
11.596 4.628 20.802 11.596 4.628 23.908 20.167 5.131 20.802
49.055 112.529 19.349 49.055 112.529 25.000 48.110 112.412 19.349
38.687 119.796 18.076 38.687 119.796 25.000 46.800 119.254 18.076
-18.023 -111.638 18.607 -18.023 -111.638 25.000 -9.262 -109.862 18.607
-48.194 -54.858 16.780 -48.194 -54.858 25.000 -46.387 -54.730 16.780
28.835 104.744 17.852 28.835 104.744 25.000 34.571 104.245 17.852
35.107 -29.815 16.081 35.107 -29.815 21.611 43.145 -30.646 16.081
-30.703 1.305 3.613 -30.703 1.305 6.113 -24.520 0.309 3.613
-4.665 8.501 1.139 -4.665 8.501 4.043 3.549 9.049 1.139
43.881 -35.525 19.761 43.881 -35.525 25.000 37.762 -34.285 19.761
-47.739 44.661 15.256 -47.739 44.661 21.291 -45.478 44.959 15.256
47.887 -34.106 9.849 47.887 -34.106 18.915 45.774 -34.291 9.849
-12.172 -93.648 -20.529 -12.172 -93.648 -16.058 -3.910 -93.062 -20.529
-40.500 -106.969 -14.988 -40.500 -106.969 -4.976 -32.321 -106.754 -14.988
25.686 143.500 9.733 25.686 143.500 15.667 35.149 144.749 9.733
20.028 118.368 -1.149 20.028 118.368 9.230 28.438 116.909 -1.149
42.111 22.481 -8.797 42.111 22.481 -1.953 49.635 24.007 -8.797
34.841 -128.942 20.621 34.841 -128.942 25.000 40.492 -128.679 20.621
7.823 43.823 0.977 7.823 43.823 3.780 13.737 44.898 0.977
10.845 126.305 -14.945 10.845 126.305 -12.142 16.675 127.268 -14.945
36.288 -118.834 3.153 36.288 -118.834 6.259 45.445 -116.978 3.153
30.126 -5.507 12.494 30.126 -5.507 23.378 37.440 -4.571 12.494
11.898 -74.476 7.548 11.898 -74.476 13.785 19.445 -75.879 7.548
2.779 41.626 -13.486 2.779 41.626 -4.420 12.402 42.818 -13.486
-47.677 -48.772 -17.926 -47.677 -48.772 -10.852 -45.353 -49.156 -17.926
43.919 15.435 -9.783 43.919 15.435 0.393 37.837 14.606 -9.783
28.579 -103.041 -16.532 28.579 -103.041 -8.063 37.430 -104.613 -16.532
3.575 43.768 -17.443 3.575 43.768 -14.640 10.295 44.573 -17.443
45.582 -74.982 -9.206 45.582 -74.982 0.567 41.164 -75.259 -9.206
-3.273 37.396 0.087 -3.273 37.396 8.547 2.139 38.402 0.087
10.112 -96.092 18.484 10.112 -96.092 21.894 19.799 -96.543 18.484
37.579 -52.173 -16.348 37.579 -52.173 -7.696 46.756 -51.074 -16.348
-18.581 136.880 -4.196 -18.581 136.880 -1.191 -8.997 136.396 -4.196
-31.985 137.374 21.699 -31.985 137.374 25.000 -25.752 136.371 21.699
30.401 -141.824 19.387 30.401 -141.824 25.000 39.892 -142.112 19.387
36.828 -9.847 6.679 36.828 -9.847 15.745 43.501 -10.976 6.679
30.529 62.226 -13.541 30.529 62.226 -5.990 37.750 62.065 -13.541
-27.801 -93.016 -19.368 -27.801 -93.016 -15.656 -22.706 -92.758 -19.368
30.721 -61.731 17.294 30.721 -61.731 20.198 35.857 -62.137 17.294
-20.568 -76.591 -0.365 -20.568 -76.591 8.903 -11.073 -76.495 -0.365
24.038 26.107 8.216 24.038 26.107 17.988 32.068 26.188 8.216
1.744 94.774 -11.768 1.744 94.774 -3.612 10.303 96.258 -11.768
-31.408 8.061 -15.690 -31.408 8.061 -9.856 -24.972 7.052 -15.690
0.453 -126.827 -14.773 0.453 -126.827 -7.525 9.228 -127.306 -14.773
-34.658 -119.549 -14.725 -34.658 -119.549 -8.184 -25.796 -118.378 -14.725
-42.299 -64.256 15.378 -42.299 -64.256 25.000 -34.599 -64.582 15.378
37.625 -48.053 19.150 37.625 -48.053 25.000 43.804 -48.692 19.150
40.967 41.351 -16.840 40.967 41.351 -8.679 47.368 42.249 -16.840
46.993 72.311 15.891 46.993 72.311 25.000 43.986 72.832 15.891
-15.789 94.939 14.531 -15.789 94.939 17.435 -8.085 95.547 14.531
47.082 57.516 -15.902 47.082 57.516 -9.564 44.165 58.107 -15.902
-23.974 1.717 -11.888 -23.974 1.717 -5.448 -14.029 1.415 -11.888
-21.557 82.771 10.621 -21.557 82.771 19.282 -13.577 82.819 10.621
10.149 -141.302 20.464 10.149 -141.302 25.000 18.482 -141.252 20.464
-49.538 79.910 -4.580 -49.538 79.910 0.142 -49.077 79.990 -4.580
19.424 -138.034 -16.510 19.424 -138.034 -8.019 26.379 -137.086 -16.510
-47.387 110.035 -8.622 -47.387 110.035 3.676 -44.774 109.690 -8.622
-2.220 -20.147 16.297 -2.220 -20.147 24.757 6.527 -21.410 16.297
-22.729 46.432 6.001 -22.729 46.432 13.956 -14.498 46.582 6.001
30.978 114.577 15.313 30.978 114.577 25.000 39.166 115.424 15.313
43.030 33.837 -10.947 43.030 33.837 -3.801 36.061 33.201 -10.947
17.208 94.417 -19.764 17.208 94.417 -16.859 25.277 94.857 -19.764
-4.299 135.287 19.653 -4.299 135.287 25.000 0.613 136.221 19.653
0.160 119.494 -9.501 0.160 119.494 -5.991 6.148 120.433 -9.501
-44.584 -105.781 16.362 -44.584 -105.781 25.000 -39.168 -104.842 16.362
1.579 127.157 -1.420 1.579 127.157 3.908 7.966 126.155 -1.420
42.532 -93.867 9.306 42.532 -93.867 21.200 48.831 -93.447 9.306
45.253 12.245 -1.533 45.253 12.245 9.654 40.506 12.755 -1.533
-15.011 -120.455 -19.893 -15.011 -120.455 -14.786 -9.768 -120.126 -19.893
-4.033 -42.450 2.544 -4.033 -42.450 14.943 2.162 -43.370 2.544
-33.029 -48.959 9.040 -33.029 -48.959 19.722 -25.510 -49.891 9.040
43.367 40.496 -9.551 43.367 40.496 -3.415 36.735 39.401 -9.551
10.488 -96.889 -20.013 10.488 -96.889 -15.027 18.752 -97.440 -20.013
46.575 82.135 20.733 46.575 82.135 23.435 43.149 82.322 20.733
-28.240 128.695 2.924 -28.240 128.695 11.080 -23.195 129.445 2.924
26.720 10.094 17.419 26.720 10.094 25.000 32.780 9.984 17.419
29.669 -27.288 -2.965 29.669 -27.288 0.444 39.063 -26.317 -2.965
9.453 6.990 11.351 9.453 6.990 22.740 18.511 8.224 11.351
12.557 70.685 3.386 12.557 70.685 11.441 19.497 71.745 3.386
-15.487 28.414 -9.283 -15.487 28.414 1.197 -9.287 28.025 -9.283
-27.590 125.289 -15.584 -27.590 125.289 -6.167 -21.480 125.376 -15.584
44.171 -82.896 5.440 44.171 -82.896 9.658 38.343 -82.813 5.440
6.487 -61.237 -15.962 6.487 -61.237 -6.925 13.815 -60.419 -15.962
12.374 -101.119 -7.023 12.374 -101.119 -1.695 17.621 -101.362 -7.023
-17.171 -122.707 -9.391 -17.171 -122.707 1.998 -7.779 -124.102 -9.391
28.140 -125.893 11.318 28.140 -125.893 19.070 37.725 -126.339 11.318
26.720 5.287 -0.311 26.720 5.287 3.805 36.311 4.958 -0.311
16.109 -18.691 15.791 16.109 -18.691 24.654 21.915 -18.844 15.791
23.699 69.532 17.539 23.699 69.532 25.000 31.124 70.758 17.539
-13.326 -104.360 19.329 -13.326 -104.360 25.000 -6.794 -103.308 19.329
-42.114 -22.482 -16.702 -42.114 -22.482 -8.403 -34.229 -21.538 -16.702
-16.787 11.769 -19.139 -16.787 11.769 -13.277 -11.631 12.771 -19.139
49.217 -96.150 -13.886 49.217 -96.150 -2.771 48.434 -96.088 -13.886
-10.039 -98.647 -11.535 -10.039 -98.647 -4.287 -0.722 -99.344 -11.535
-36.196 -7.402 -0.627 -36.196 -7.402 1.974 -28.011 -8.282 -0.627
26.629 -107.875 17.545 26.629 -107.875 21.055 32.235 -107.864 17.545
-17.162 -13.060 12.171 -17.162 -13.060 16.893 -9.034 -13.274 12.171
-9.691 -146.988 -10.609 -9.691 -146.988 -1.139 -3.700 -147.461 -10.609
-42.074 8.199 12.662 -42.074 8.199 20.515 -35.964 8.088 12.662
-32.369 -23.415 -6.094 -32.369 -23.415 1.457 -25.634 -22.359 -6.094
-41.313 148.683 -8.400 -41.313 148.683 -4.486 -32.626 149.973 -8.400
26.913 94.691 8.941 26.913 94.691 11.542 34.691 94.707 8.941
-9.380 24.129 -14.903 -9.380 24.129 -5.332 0.093 25.303 -14.903
-38.687 125.152 -20.507 -38.687 125.152 -16.014 -32.531 124.891 -20.507
-47.246 119.287 7.152 -47.246 119.287 19.349 -44.491 119.776 7.152
14.022 20.833 20.987 14.022 20.833 25.000 19.194 20.278 20.987
-48.525 29.968 4.222 -48.525 29.968 13.490 -47.050 29.953 4.222
-19.707 28.854 1.098 -19.707 28.854 9.053 -10.713 27.219 1.098
22.774 80.903 14.220 22.774 80.903 23.689 29.298 79.799 14.220
10.350 7.320 11.027 10.350 7.320 19.284 16.145 6.459 11.027
-48.025 -37.789 9.090 -48.025 -37.789 20.883 -46.050 -37.617 9.090
-36.599 -142.209 4.901 -36.599 -142.209 14.270 -31.241 -141.190 4.901
-0.764 118.120 1.274 -0.764 118.120 5.088 5.323 119.075 1.274
7.118 -15.230 10.344 7.118 -15.230 22.339 12.115 -15.059 10.344
-18.151 17.180 16.328 -18.151 17.180 20.748 -10.027 16.207 16.328
-35.208 -80.052 20.291 -35.208 -80.052 25.000 -25.968 -81.045 20.291
-12.337 146.658 6.702 -12.337 146.658 15.161 -3.529 145.927 6.702
25.274 12.154 0.392 25.274 12.154 5.316 32.237 13.045 0.392
18.499 86.204 10.980 18.499 86.204 20.550 27.112 87.950 10.980
-46.082 -69.309 -21.178 -46.082 -69.309 -17.356 -42.163 -69.538 -21.178
43.338 -93.128 18.008 43.338 -93.128 25.000 36.677 -93.196 18.008
-0.481 -26.986 17.932 -0.481 -26.986 25.000 6.709 -27.671 17.932
-22.472 14.241 -7.509 -22.472 14.241 -2.787 -12.942 15.736 -7.509
-43.506 144.942 -7.446 -43.506 144.942 4.650 -37.013 145.507 -7.446
49.255 117.102 -21.388 49.255 117.102 -17.777 48.510 117.004 -21.388
-27.837 14.269 8.154 -27.837 14.269 13.583 -19.175 12.513 8.154
-19.607 -61.676 1.288 -19.607 -61.676 6.818 -12.854 -60.421 1.288
-43.929 -140.387 13.994 -43.929 -140.387 21.242 -37.857 -140.645 13.994
41.254 44.318 5.022 41.254 44.318 15.401 32.509 44.547 5.022
-13.472 121.499 14.820 -13.472 121.499 25.000 -6.886 122.532 14.820
9.490 -60.440 14.495 9.490 -60.440 18.308 18.880 -60.687 14.495
29.678 -1.772 -11.470 29.678 -1.772 -5.738 38.817 -1.975 -11.470
-35.089 100.377 16.871 -35.089 100.377 20.382 -26.691 101.903 16.871
-20.898 75.575 17.448 -20.898 75.575 25.000 -14.135 75.315 17.448
-30.172 -51.761 4.673 -30.172 -51.761 10.506 -20.475 -51.741 4.673
-45.181 61.383 -5.916 -45.181 61.383 1.231 -40.363 60.964 -5.916
-22.427 120.318 14.426 -22.427 120.318 17.532 -17.275 120.307 14.426
-42.514 21.245 18.581 -42.514 21.245 25.000 -37.013 21.034 18.581
47.199 -134.028 10.473 47.199 -134.028 13.175 44.398 -134.102 10.473
-13.866 -134.243 17.873 -13.866 -134.243 20.575 -6.297 -133.922 17.873
-7.265 43.164 20.525 -7.265 43.164 25.000 -0.613 44.097 20.525
11.303 30.941 -8.956 11.303 30.941 -5.344 17.613 29.794 -8.956
36.691 58.463 -6.605 36.691 58.463 4.076 45.075 58.446 -6.605
33.770 -33.029 -11.060 33.770 -33.029 -0.580 41.535 -32.035 -11.060
-18.160 -69.092 -21.575 -18.160 -69.092 -18.149 -9.924 -70.658 -21.575
7.201 132.650 -4.879 7.201 132.650 5.298 14.457 133.638 -4.879
-24.633 72.086 -9.475 -24.633 72.086 -6.065 -15.215 73.291 -9.475
-43.676 -2.127 -2.280 -43.676 -2.127 6.887 -37.351 -2.114 -2.280
-2.129 -102.437 -3.456 -2.129 -102.437 8.337 3.821 -102.786 -3.456
40.605 52.746 -0.824 40.605 52.746 7.131 31.209 52.689 -0.824
5.882 -134.133 -21.719 5.882 -134.133 -18.714 13.435 -135.506 -21.719
11.064 -70.328 -18.970 11.064 -70.328 -12.940 19.944 -70.741 -18.970
31.829 -87.001 1.412 31.829 -87.001 4.720 39.203 -86.956 1.412
25.951 106.200 2.123 25.951 106.200 9.875 32.355 105.824 2.123
-22.079 86.204 -15.654 -22.079 86.204 -7.498 -16.687 87.027 -15.654
46.842 92.500 -4.020 46.842 92.500 5.753 43.684 92.826 -4.020
44.505 -43.223 15.694 44.505 -43.223 23.144 39.011 -42.247 15.694
-32.827 -73.844 -15.419 -32.827 -73.844 -11.808 -23.053 -72.634 -15.419
-30.996 141.357 -10.430 -30.996 141.357 -6.112 -21.855 141.413 -10.430
21.218 38.110 6.912 21.218 38.110 14.362 26.966 37.280 6.912
-14.532 -149.749 14.062 -14.532 -149.749 21.410 -20.436 -149.499 14.062
42.919 -127.942 -20.907 42.919 -127.942 -17.195 35.837 -127.094 -20.907
-29.504 120.702 -0.121 -29.504 120.702 10.662 -20.491 121.893 -0.121
-45.988 -140.453 -2.613 -45.988 -140.453 2.008 -41.976 -141.216 -2.613
-34.787 -130.508 -1.512 -34.787 -130.508 6.342 -27.901 -131.875 -1.512
-47.884 -113.681 21.287 -47.884 -113.681 25.000 -45.769 -113.634 21.287
-16.466 -89.308 14.016 -16.466 -89.308 18.637 -6.922 -89.443 14.016
4.921 -133.337 -10.505 4.921 -133.337 -6.591 14.604 -133.866 -10.505
-15.477 111.501 -3.937 -15.477 111.501 2.603 -8.441 110.802 -3.937
-38.449 -43.027 -13.450 -38.449 -43.027 -5.596 -28.922 -41.215 -13.450
41.287 -59.864 16.963 41.287 -59.864 23.908 46.765 -58.936 16.963
-18.188 34.677 3.917 -18.188 34.677 8.639 -12.017 33.607 3.917
15.688 12.181 10.994 15.688 12.181 21.272 22.545 10.935 10.994
-3.758 -127.514 14.538 -3.758 -127.514 18.452 1.929 -127.986 14.538
10.012 35.308 4.195 10.012 35.308 7.099 18.969 34.088 4.195
42.024 -76.925 8.189 42.024 -76.925 19.477 34.048 -78.475 8.189
43.824 -124.011 15.984 43.824 -124.011 22.726 37.648 -124.726 15.984
48.587 97.103 -17.899 48.587 97.103 -10.798 47.175 97.020 -17.899
0.462 -16.164 -19.434 0.462 -16.164 -13.868 8.065 -15.097 -19.434
9.279 85.875 2.832 9.279 85.875 5.433 15.338 85.740 2.832
6.734 76.096 -5.535 6.734 76.096 4.541 13.169 74.792 -5.535
32.653 147.565 19.576 32.653 147.565 25.000 40.836 146.281 19.576
-48.166 -38.415 0.624 -48.166 -38.415 4.942 -46.333 -38.627 0.624
-27.728 92.824 16.176 -27.728 92.824 25.000 -22.526 92.750 16.176
-49.393 -17.662 -12.402 -49.393 -17.662 -8.185 -48.785 -17.752 -12.402
3.035 112.297 -12.212 3.035 112.297 -6.177 10.510 113.532 -12.212
-49.069 32.324 14.831 -49.069 32.324 25.000 -48.139 32.204 14.831
15.331 -128.777 -17.434 15.331 -128.777 -9.868 21.885 -127.559 -17.434
-27.169 -75.712 -16.025 -27.169 -75.712 -13.323 -18.955 -76.260 -16.025
-47.514 119.699 -15.312 -47.514 119.699 -5.624 -45.027 119.330 -15.312
-44.750 130.723 -20.423 -44.750 130.723 -15.847 -39.500 129.834 -20.423
42.789 -128.864 -12.418 42.789 -128.864 -9.009 35.577 -127.402 -12.418
48.514 107.879 -17.695 48.514 107.879 -11.458 47.029 107.918 -17.695
-7.530 -14.489 -8.431 -7.530 -14.489 -0.678 -0.666 -14.253 -8.431
-39.044 -114.357 -13.989 -39.044 -114.357 -2.979 -29.802 -114.451 -13.989
-46.219 103.896 18.952 -46.219 103.896 25.000 -42.439 104.473 18.952
-33.715 -67.115 2.531 -33.715 -67.115 12.404 -25.632 -68.382 2.531
35.217 132.485 -1.322 35.217 132.485 5.420 44.348 131.429 -1.322
-6.880 117.653 14.554 -6.880 117.653 25.000 1.092 118.970 14.554
-47.435 25.806 -17.957 -47.435 25.806 -13.033 -44.869 25.915 -17.957
-5.434 73.789 -6.440 -5.434 73.789 5.858 2.155 74.543 -6.440
-35.556 111.034 17.416 -35.556 111.034 25.000 -27.025 110.741 17.416
-10.405 -36.929 -16.782 -10.405 -36.929 -8.564 -3.903 -37.337 -16.782
-26.675 -138.693 16.364 -26.675 -138.693 25.000 -17.263 -137.912 16.364
-44.339 -132.582 20.331 -44.339 -132.582 25.000 -38.678 -131.647 20.331
-19.936 84.611 20.542 -19.936 84.611 25.000 -14.967 85.514 20.542
6.816 -84.364 19.900 6.816 -84.364 25.000 12.455 -83.919 19.900
-23.782 88.649 -20.059 -23.782 88.649 -15.118 -18.416 88.006 -20.059
8.904 -27.041 -10.595 8.904 -27.041 -2.136 18.667 -28.330 -10.595
47.378 144.821 -7.030 47.378 144.821 5.066 44.756 145.135 -7.030
-22.262 -98.894 2.516 -22.262 -98.894 10.875 -14.146 -99.932 2.516
-44.925 71.667 10.263 -44.925 71.667 17.107 -39.850 70.680 10.263
27.142 55.991 -21.004 27.142 55.991 -17.007 35.016 56.261 -21.004
6.880 -87.852 -1.837 6.880 -87.852 0.764 13.435 -88.237 -1.837
-36.599 8.748 11.778 -36.599 8.748 24.076 -30.727 9.403 11.778
8.968 -22.784 -19.867 8.968 -22.784 -14.735 18.501 -21.011 -19.867
14.150 -78.239 -7.494 14.150 -78.239 -2.367 20.076 -77.236 -7.494
-27.270 109.249 6.427 -27.270 109.249 12.059 -18.785 109.163 6.427
20.202 18.059 -6.091 20.202 18.059 0.854 29.027 18.541 -6.091
-48.192 46.736 -7.678 -48.192 46.736 -0.935 -46.383 46.754 -7.678
0.938 -37.423 -16.411 0.938 -37.423 -7.823 9.873 -37.116 -16.411
-47.525 39.680 -1.654 -47.525 39.680 7.513 -45.049 40.018 -1.654
-34.860 41.021 -0.046 -34.860 41.021 3.161 -28.388 40.273 -0.046
3.502 41.983 15.389 3.502 41.983 23.344 11.981 41.657 15.389
17.913 79.118 17.229 17.913 79.118 25.000 24.276 79.053 17.229
-11.312 -11.193 12.581 -11.312 -11.193 24.879 -1.443 -12.456 12.581
29.934 -45.553 -2.986 29.934 -45.553 2.040 36.274 -45.001 -2.986
37.854 53.766 4.081 37.854 53.766 12.036 46.033 53.584 4.081
12.868 72.965 -17.973 12.868 72.965 -10.947 22.627 74.902 -17.973
-44.721 -133.438 -4.765 -44.721 -133.438 4.806 -39.441 -133.941 -4.765
44.968 -100.226 -21.784 44.968 -100.226 -18.568 39.937 -99.767 -21.784
22.582 104.112 -7.450 22.582 104.112 1.716 29.314 103.029 -7.450
-13.784 118.505 -12.844 -13.784 118.505 -7.919 -8.408 119.061 -12.844
17.373 -45.087 -4.240 17.373 -45.087 3.715 24.592 -44.897 -4.240
-12.136 -123.916 -18.936 -12.136 -123.916 -16.032 -4.864 -123.813 -18.936
-27.590 -26.107 11.540 -27.590 -26.107 16.969 -20.717 -25.312 11.540
-32.617 -16.411 16.182 -32.617 -16.411 25.000 -23.790 -15.965 16.182
48.328 -17.986 -9.341 48.328 -17.986 0.027 46.656 -17.860 -9.341
-3.914 -146.246 -23.426 -3.914 -146.246 -21.852 4.020 -145.393 -23.426
45.594 41.486 5.288 45.594 41.486 16.172 41.188 42.323 5.288
9.792 62.748 2.931 9.792 62.748 9.472 15.431 62.302 2.931
-1.964 -102.547 -14.550 -1.964 -102.547 -5.383 7.811 -104.405 -14.550
26.785 -120.180 -4.904 26.785 -120.180 1.738 32.794 -120.290 -4.904
26.354 -106.969 -18.458 26.354 -106.969 -11.917 34.669 -107.524 -18.458
7.695 -122.625 8.625 7.695 -122.625 20.317 12.780 -122.223 8.625
-33.633 -68.104 1.142 -33.633 -68.104 3.743 -27.325 -67.836 1.142
14.644 -79.420 -21.797 14.644 -79.420 -18.594 20.115 -78.809 -21.797
14.132 9.215 -17.189 14.132 9.215 -9.378 20.861 9.938 -17.189
3.941 -148.553 11.189 3.941 -148.553 23.083 13.139 -149.467 11.189
-2.971 76.481 -5.263 -2.971 76.481 6.530 3.244 77.251 -5.263
-21.795 34.787 4.762 -21.795 34.787 15.040 -15.639 35.048 4.762
31.719 96.916 -0.617 31.719 96.916 5.519 40.075 97.610 -0.617
-45.147 54.895 19.016 -45.147 54.895 25.000 -40.295 55.278 19.016
-2.916 145.862 -12.147 -2.916 145.862 -4.597 6.032 147.154 -12.147
-48.856 -78.166 -6.246 -48.856 -78.166 0.093 -47.711 -78.192 -6.246
25.201 -67.692 -0.816 25.201 -67.692 4.917 30.724 -68.650 -0.816
-34.411 50.607 20.410 -34.411 50.607 25.000 -25.125 51.643 20.410
34.429 7.787 -18.563 34.429 7.787 -14.043 41.953 9.312 -18.563
37.918 -146.136 15.817 37.918 -146.136 22.862 46.943 -144.684 15.817
44.813 -20.964 -17.375 44.813 -20.964 -9.750 39.627 -20.449 -17.375
-40.344 -56.046 -19.343 -40.344 -56.046 -13.686 -33.937 -55.748 -19.343
7.668 57.831 -16.147 7.668 57.831 -7.294 14.662 56.792 -16.147
43.165 14.003 20.184 43.165 14.003 25.000 36.329 13.574 20.184
3.374 -82.084 -17.339 3.374 -82.084 -9.677 11.498 -81.111 -17.339
-4.070 67.829 4.028 -4.070 67.829 9.659 4.653 67.317 4.028
-6.459 23.278 3.328 -6.459 23.278 15.525 -0.403 23.045 3.328
10.808 -91.423 11.640 10.808 -91.423 15.757 16.906 -90.542 11.640
8.373 15.835 -5.421 8.373 15.835 6.271 14.175 16.649 -5.421
47.452 138.452 0.511 47.452 138.452 10.284 44.905 138.925 0.511
44.487 113.577 16.237 44.487 113.577 25.000 38.974 113.745 16.237
-9.197 -124.520 -11.645 -9.197 -124.520 -2.479 -1.937 -125.809 -11.645
2.605 -2.953 9.350 2.605 -2.953 18.213 11.718 -1.410 9.350
-47.767 63.946 16.549 -47.767 63.946 24.706 -45.534 63.624 16.549
48.775 3.981 -18.616 48.775 3.981 -12.233 47.550 3.958 -18.616
13.756 94.362 -6.247 13.756 94.362 4.434 23.309 95.702 -6.247
-44.545 -49.708 0.331 -44.545 -49.708 2.932 -39.089 -50.677 0.331
-14.269 38.769 17.437 -14.269 38.769 25.000 -9.010 39.769 17.437
25.732 73.569 -22.219 25.732 73.569 -19.439 34.886 72.735 -22.219
-21.685 -71.400 18.993 -21.685 -71.400 25.000 -12.108 -72.000 18.993
-37.350 83.842 -21.026 -37.350 83.842 -17.052 -31.205 84.755 -21.026
-11.779 107.903 4.317 -11.779 107.903 15.706 -6.136 109.047 4.317
-40.767 -112.480 -2.945 -40.767 -112.480 3.090 -31.533 -112.125 -2.945
-38.202 33.084 16.315 -38.202 33.084 25.000 -30.230 32.713 16.315
-46.001 -116.965 7.335 -46.001 -116.965 18.724 -42.001 -116.371 7.335
38.852 -50.772 -13.454 38.852 -50.772 -5.701 48.164 -49.196 -13.454
35.418 -66.016 10.027 35.418 -66.016 15.456 42.516 -67.041 10.027
18.316 18.197 -14.597 18.316 18.197 -9.571 23.701 19.063 -14.597
24.129 -138.198 3.870 24.129 -138.198 13.238 30.037 -138.330 3.870
-6.304 97.520 -22.027 -6.304 97.520 -19.053 1.915 97.038 -22.027
-25.805 91.615 -10.108 -25.805 91.615 1.786 -19.905 90.469 -10.108
-44.198 -65.376 10.012 -44.198 -65.376 19.987 -38.396 -65.035 10.012
24.386 -39.154 -1.659 24.386 -39.154 6.598 29.831 -38.834 -1.659
-47.662 -149.745 -19.565 -47.662 -149.745 -14.130 -45.324 -149.949 -19.565
-41.278 113.533 17.592 -41.278 113.533 25.000 -35.068 113.697 17.592
-48.352 -49.576 1.286 -48.352 -49.576 6.614 -46.705 -49.753 1.286
-0.252 -17.153 -7.637 -0.252 -17.153 -4.834 4.656 -16.199 -7.637
-47.785 71.934 -21.955 -47.785 71.934 -18.909 -45.569 72.028 -21.955
-44.572 73.491 11.860 -44.572 73.491 17.188 -39.145 72.527 11.860
34.805 10.533 5.598 34.805 10.533 10.017 41.374 11.320 5.598
-29.705 109.578 11.338 -29.705 109.578 14.747 -20.097 108.270 11.338
-32.818 -115.374 -7.708 -32.818 -115.374 -1.168 -23.929 -115.320 -7.708
3.328 26.849 -17.163 3.328 26.849 -12.441 12.216 26.723 -17.163
48.655 115.989 -17.645 48.655 115.989 -11.307 47.309 115.943 -17.645
6.532 -9.023 -5.538 6.532 -9.023 -0.714 14.778 -9.808 -5.538
45.949 68.479 20.428 45.949 68.479 25.000 41.898 68.405 20.428
-47.233 -135.793 -13.941 -47.233 -135.793 -2.881 -44.466 -135.279 -13.941
16.356 87.770 19.742 16.356 87.770 25.000 21.511 87.068 19.742
40.857 -145.477 -16.272 40.857 -145.477 -11.146 48.482 -145.585 -16.272
-12.465 122.460 0.038 -12.465 122.460 9.003 -5.657 122.088 0.038
-43.677 -77.827 -10.554 -43.677 -77.827 -1.185 -37.467 -78.015 -10.554
47.894 66.805 -7.523 47.894 66.805 1.543 45.789 66.440 -7.523
-28.991 -55.112 5.412 -28.991 -55.112 11.043 -22.898 -53.902 5.412
-15.487 15.615 18.561 -15.487 15.615 25.000 -7.907 14.110 18.561
-5.791 -62.638 -3.475 -5.791 -62.638 1.349 2.694 -62.552 -3.475
7.036 -91.560 -14.736 7.036 -91.560 -4.472 14.851 -92.560 -14.736
-40.234 96.257 -10.025 -40.234 96.257 -5.000 -33.233 95.733 -10.025
-0.444 -1.772 -9.624 -0.444 -1.772 -1.972 4.520 -1.177 -9.624
19.616 119.329 -19.739 19.616 119.329 -14.478 27.417 119.977 -19.739
-37.808 37.149 -16.973 -37.808 37.149 -8.946 -28.282 38.960 -16.973
-41.314 -53.409 -18.451 -41.314 -53.409 -14.941 -35.279 -52.859 -18.451
-46.364 -32.040 -15.446 -46.364 -32.040 -5.893 -42.728 -32.253 -15.446
26.739 -23.937 -12.522 26.739 -23.937 -5.274 31.733 -23.705 -12.522
39.199 134.161 19.971 39.199 134.161 25.000 46.010 134.478 19.971
22.317 8.089 -0.085 22.317 8.089 6.152 31.719 8.984 -0.085
-1.067 -68.571 -0.163 -1.067 -68.571 7.489 7.901 -67.423 -0.163
-32.022 75.932 11.157 -32.022 75.932 14.566 -24.303 74.976 11.157
-0.069 -72.361 -21.483 -0.069 -72.361 -17.966 9.345 -73.604 -21.483
39.099 18.966 -14.229 39.099 18.966 -3.459 49.042 19.307 -14.229
30.309 132.705 3.837 30.309 132.705 9.671 36.358 133.880 3.837
-11.971 87.523 -12.760 -11.971 87.523 -5.513 -5.415 86.630 -12.760
-33.020 -138.556 20.504 -33.020 -138.556 25.000 -26.361 -138.219 20.504
1.296 5.535 -13.497 1.296 5.535 -8.472 8.784 6.678 -13.497
-22.161 115.181 -11.794 -22.161 115.181 -3.435 -14.632 114.341 -11.794
-44.205 -94.428 -12.099 -44.205 -94.428 -5.357 -38.411 -93.662 -12.099
-13.912 -66.456 13.210 -13.912 -66.456 25.000 -6.279 -65.635 13.210
-5.214 -9.160 -15.975 -5.214 -9.160 -13.273 1.782 -10.490 -15.975
37.249 -23.388 -17.131 37.249 -23.388 -9.261 44.193 -23.993 -17.131
-11.184 -46.185 14.743 -11.184 -46.185 24.617 -4.683 -45.751 14.743
-8.675 -29.843 -20.961 -8.675 -29.843 -16.921 -0.445 -31.442 -20.961
36.361 80.821 -7.002 36.361 80.821 -1.472 42.299 81.752 -7.002
48.938 139.504 22.679 48.938 139.504 25.000 47.876 139.402 22.679
9.069 -105.568 8.982 9.069 -105.568 13.098 18.671 -103.622 8.982
40.664 -30.419 -7.982 40.664 -30.419 3.305 46.465 -30.126 -7.982
13.042 69.257 7.141 13.042 69.257 13.580 20.383 69.956 7.141
-45.025 87.197 12.429 -45.025 87.197 24.424 -40.051 87.428 12.429
-29.714 91.615 0.532 -29.714 91.615 8.588 -22.497 91.892 0.532
-18.856 -117.901 -0.943 -18.856 -117.901 10.850 -12.989 -117.198 -0.943
-10.460 -26.437 -15.616 -10.460 -26.437 -6.232 -3.757 -25.190 -15.616
32.745 -13.527 4.562 32.745 -13.527 14.537 41.751 -14.312 4.562
-21.786 -141.769 20.345 -21.786 -141.769 25.000 -12.500 -141.413 20.345
-10.808 5.754 1.534 -10.808 5.754 7.569 -3.956 7.028 1.534
26.070 81.233 -7.188 26.070 81.233 -2.668 32.865 81.797 -7.188
45.380 84.716 21.556 45.380 84.716 24.662 40.760 84.239 21.556
43.838 75.160 -2.716 43.838 75.160 0.895 37.676 73.962 -2.716
-7.118 42.724 -21.682 -7.118 42.724 -18.365 2.029 44.046 -21.682
-42.395 -124.630 -19.092 -42.395 -124.630 -13.183 -36.801 -123.496 -19.092
24.020 -33.853 12.760 24.020 -33.853 24.755 30.431 -33.658 12.760
-44.937 -148.052 -10.953 -44.937 -148.052 -3.200 -39.874 -147.857 -10.953
6.056 142.126 -15.608 6.056 142.126 -6.215 11.605 141.025 -15.608
-24.248 -128.146 16.619 -24.248 -128.146 19.624 -18.753 -127.823 16.619
-45.165 120.511 1.788 -45.165 120.511 10.045 -40.330 120.775 1.788
-21.447 137.924 14.779 -21.447 137.924 17.279 -11.559 139.027 14.779
-41.556 107.076 7.161 -41.556 107.076 12.894 -33.112 106.752 7.161
-37.826 -36.435 21.081 -37.826 -36.435 25.000 -32.842 -36.828 21.081
-1.680 -117.901 -2.979 -1.680 -117.901 7.905 5.625 -118.418 -2.979
7.274 32.315 -20.169 7.274 32.315 -15.338 15.801 33.971 -20.169
33.276 44.647 -23.003 33.276 44.647 -21.007 40.010 43.978 -23.003
-13.445 137.292 6.386 -13.445 137.292 17.270 -8.537 138.246 6.386
18.206 -25.558 4.749 18.206 -25.558 14.926 25.026 -26.374 4.749
42.898 33.673 6.035 42.898 33.673 15.303 35.797 34.934 6.035
-36.764 -21.383 7.962 -36.764 -21.383 18.744 -29.196 -22.320 7.962
-27.810 -56.073 -17.676 -27.810 -56.073 -10.351 -20.318 -57.498 -17.676
-30.877 -122.597 22.893 -30.877 -122.597 25.000 -22.069 -124.125 22.893
25.695 -79.777 17.989 25.695 -79.777 20.590 34.433 -80.716 17.989
6.679 89.857 21.203 6.679 89.857 25.000 14.706 90.786 21.203
44.766 24.349 -21.972 44.766 24.349 -18.944 49.913 24.131 -21.972
48.378 103.599 9.389 48.378 103.599 20.272 46.756 103.615 9.389
34.677 146.686 -11.403 34.677 146.686 -5.166 39.596 147.580 -11.403
-41.003 -134.985 -0.100 -41.003 -134.985 4.521 -33.127 -133.421 -0.100
39.428 4.134 11.927 39.428 4.134 22.507 46.044 4.067 11.927
42.791 18.203 14.536 42.791 18.203 25.000 35.583 18.568 14.536
-25.006 -149.614 -16.151 -25.006 -149.614 -7.301 -27.080 -149.229 -16.151
-12.960 -50.003 9.086 -12.960 -50.003 17.950 -3.807 -51.287 9.086
-6.652 -4.958 18.940 -6.652 -4.958 25.000 2.236 -4.796 18.940
16.594 43.439 -19.579 16.594 43.439 -14.158 26.436 43.816 -19.579
32.186 -142.071 -7.449 32.186 -142.071 0.606 38.027 -140.887 -7.449
-44.908 77.061 14.608 -44.908 77.061 25.000 -39.815 76.803 14.608
-37.735 -89.253 9.645 -37.735 -89.253 20.529 -31.891 -89.667 9.645
-25.750 -47.174 -17.615 -25.750 -47.174 -11.277 -18.456 -48.561 -17.615
7.796 101.860 1.380 7.796 101.860 10.547 17.594 101.880 1.380
-15.249 -127.349 10.577 -15.249 -127.349 13.784 -6.879 -127.840 10.577
-48.882 -96.334 4.656 -48.882 -96.334 7.257 -47.765 -96.201 4.656
49.578 121.050 -6.744 49.578 121.050 -0.406 49.156 121.048 -6.744
48.649 149.749 -5.266 48.649 149.749 0.164 47.299 150.000 -5.266
-28.854 41.900 11.740 -28.854 41.900 16.968 -20.082 40.814 11.740
-7.613 -65.275 21.989 -7.613 -65.275 25.000 1.145 -64.547 21.989
6.468 105.898 20.341 6.468 105.898 25.000 16.250 105.324 20.341
39.428 -32.617 16.457 39.428 -32.617 22.189 47.100 -32.911 16.457
36.041 95.158 -4.805 36.041 95.158 6.483 43.208 96.046 -4.805
21.337 -46.762 18.719 21.337 -46.762 21.825 31.032 -46.938 18.719
47.607 123.994 -17.288 47.607 123.994 -9.575 45.214 124.449 -17.288
28.405 -26.217 -19.683 28.405 -26.217 -14.365 36.853 -24.682 -19.683
-44.291 -81.852 13.776 -44.291 -81.852 19.710 -38.581 -82.395 13.776
-46.619 -127.376 16.142 -46.619 -127.376 24.601 -43.238 -127.575 16.142
-46.146 13.412 17.651 -46.146 13.412 25.000 -42.292 13.638 17.651
23.132 92.000 11.914 23.132 92.000 20.980 30.307 90.815 11.914
-40.592 -5.699 -7.921 -40.592 -5.699 -2.895 -31.184 -6.980 -7.921
4.830 10.671 11.222 4.830 10.671 13.823 13.692 11.841 11.222
-42.038 21.932 -16.142 -42.038 21.932 -9.602 -34.962 23.100 -16.142
35.849 138.308 17.363 35.849 138.308 25.000 45.261 137.527 17.363
-35.849 11.495 13.247 -35.849 11.495 19.283 -26.188 10.653 13.247
-44.134 -98.729 -10.457 -44.134 -98.729 -6.442 -38.496 -97.845 -10.457
48.428 -98.457 9.239 48.428 -98.457 12.951 46.856 -98.327 9.239
-44.639 105.361 7.065 -44.639 105.361 9.868 -39.279 106.113 7.065
-7.970 140.973 -15.190 -7.970 140.973 -5.381 -2.668 141.090 -15.190
36.233 31.820 1.074 36.233 31.820 7.816 41.149 30.906 1.074
44.857 -126.890 14.350 44.857 -126.890 25.000 39.713 -126.942 14.350
-22.134 4.244 18.386 -22.134 4.244 25.000 -15.452 5.319 18.386
-47.200 115.626 8.992 -47.200 115.626 13.512 -44.401 115.734 8.992
-16.631 7.869 5.928 -16.631 7.869 13.176 -6.783 7.770 5.928
-43.957 -45.747 -12.591 -43.957 -45.747 -8.070 -37.915 -44.924 -12.591
5.361 74.503 12.274 5.361 74.503 16.188 13.612 73.785 12.274
-44.039 57.973 7.036 -44.039 57.973 12.061 -38.077 58.809 7.036
33.697 52.942 -9.538 33.697 52.942 -5.825 40.256 54.134 -9.538
-47.214 -80.709 -11.798 -47.214 -80.709 -0.712 -44.427 -80.591 -11.798
-1.277 34.787 -14.998 -1.277 34.787 -4.995 4.419 35.144 -14.998
-16.604 125.042 -1.232 -16.604 125.042 10.258 -8.852 123.633 -1.232
22.024 130.892 7.940 22.024 130.892 20.339 29.530 131.915 7.940
-17.995 24.981 10.390 -17.995 24.981 14.406 -11.735 24.791 10.390
10.250 -34.210 -13.433 10.250 -34.210 -3.155 15.532 -33.338 -13.433
-29.138 87.550 -13.434 -29.138 87.550 -3.661 -20.453 87.743 -13.434
42.148 -38.412 9.255 42.148 -38.412 16.301 49.576 -37.583 9.255
5.818 -118.313 -9.629 5.818 -118.313 -6.725 12.333 -118.378 -9.629
1.579 0.426 0.166 1.579 0.426 2.666 9.963 0.510 0.166
-8.034 32.260 -19.444 -8.034 32.260 -13.887 1.653 33.340 -19.444
0.618 -122.158 -17.259 0.618 -122.158 -9.517 7.970 -121.126 -17.259
-5.452 61.621 -11.046 -5.452 61.621 -8.142 1.983 60.853 -11.046
-48.709 -105.613 -2.923 -48.709 -105.613 8.163 -47.418 -105.657 -2.923
36.773 -126.250 -0.042 36.773 -126.250 3.670 43.382 -125.943 -0.042
24.633 51.129 17.213 24.633 51.129 20.218 32.453 51.493 17.213
-44.905 -135.538 -10.480 -44.905 -135.538 -5.151 -39.809 -135.672 -10.480
-48.787 133.563 7.469 -48.787 133.563 13.403 -47.574 133.804 7.469
25.567 -139.105 4.296 25.567 -139.105 8.513 32.075 -138.802 4.296
18.535 2.678 -8.355 18.535 2.678 -4.845 23.877 2.321 -8.355
-16.604 52.942 19.297 -16.604 52.942 25.000 -8.855 52.267 19.297
-22.546 71.674 -19.622 -22.546 71.674 -14.243 -15.289 71.190 -19.622
-45.129 31.162 -14.421 -45.129 31.162 -10.911 -40.258 31.448 -14.421
-5.635 94.966 -20.873 -5.635 94.966 -17.969 4.154 96.745 -20.873
-27.874 -91.093 -0.105 -27.874 -91.093 10.173 -18.884 -91.111 -0.105
-9.004 94.389 -13.575 -9.004 94.389 -4.813 -1.262 95.127 -13.575
44.207 56.596 -13.095 44.207 56.596 -1.908 38.415 56.068 -13.095
-26.537 -136.605 18.768 -26.537 -136.605 22.986 -20.179 -136.336 18.768
45.056 90.135 3.996 45.056 90.135 15.991 40.113 90.546 3.996
-48.955 38.377 -6.963 -48.955 38.377 0.184 -47.909 38.422 -6.963
-20.605 -10.506 13.540 -20.605 -10.506 25.000 -11.998 -11.221 13.540
42.798 -88.374 -22.483 42.798 -88.374 -19.967 49.183 -88.982 -22.483
-4.445 139.846 -21.168 -4.445 139.846 -17.336 2.685 140.994 -21.168
17.446 94.444 -15.732 17.446 94.444 -6.464 25.132 93.649 -15.732
1.176 -67.032 -0.414 1.176 -67.032 11.177 9.292 -66.523 -0.414
-27.270 -72.718 -5.897 -27.270 -72.718 0.644 -17.822 -74.396 -5.897
44.647 121.376 9.414 44.647 121.376 21.005 39.294 121.235 9.414
-37.359 -15.835 -19.138 -37.359 -15.835 -13.275 -29.329 -15.786 -19.138
-2.184 -0.179 -10.110 -2.184 -0.179 1.077 4.162 0.297 -10.110
-8.080 -60.797 5.461 -8.080 -60.797 10.184 -2.979 -60.767 5.461
47.426 -118.143 -5.808 47.426 -118.143 2.551 44.853 -117.653 -5.808
-2.000 120.180 -1.407 -2.000 120.180 8.669 3.100 120.252 -1.407
-46.645 -36.009 -15.899 -46.645 -36.009 -6.798 -43.289 -35.812 -15.899
29.778 -3.172 4.691 29.778 -3.172 10.524 39.425 -3.192 4.691
17.858 -15.944 -8.774 17.858 -15.944 1.605 25.615 -17.001 -8.774
34.439 -131.964 -7.895 34.439 -131.964 1.575 40.350 -131.207 -7.895
12.841 -106.914 10.100 12.841 -106.914 18.054 18.490 -106.628 10.100
1.689 21.575 7.560 1.689 21.575 10.767 9.721 20.014 7.560
49.564 99.194 -6.306 49.564 99.194 -2.291 49.128 99.165 -6.306
-9.133 -39.813 13.818 -9.133 -39.813 23.793 -3.932 -39.950 13.818
-33.560 113.616 -14.238 -33.560 113.616 -7.193 -27.513 114.020 -14.238
-42.493 133.432 -14.460 -42.493 133.432 -8.829 -34.986 133.114 -14.460
-24.761 -5.809 -10.347 -24.761 -5.809 -2.190 -14.978 -4.678 -10.347
-36.435 -47.366 -16.152 -36.435 -47.366 -8.400 -27.456 -47.820 -16.152
32.543 92.879 -18.713 32.543 92.879 -12.426 40.829 91.303 -18.713
-8.602 65.220 6.875 -8.602 65.220 18.264 -1.141 64.234 6.875
-21.227 -30.419 -20.516 -21.227 -30.419 -16.033 -14.151 -31.588 -20.516
7.494 -63.627 19.193 7.494 -63.627 25.000 17.034 -63.299 19.193
-30.300 108.095 -17.440 -30.300 108.095 -9.879 -20.838 108.881 -17.440
-26.583 -109.743 -5.791 -26.583 -109.743 -2.382 -21.237 -110.827 -5.791
-45.651 86.317 4.786 -45.651 86.317 15.265 -41.302 87.017 4.786
48.579 -28.802 -0.868 48.579 -28.802 5.673 47.159 -28.897 -0.868
-9.883 -123.009 -17.462 -9.883 -123.009 -9.925 -3.097 -124.357 -17.462
-12.520 87.880 14.550 -12.520 87.880 25.000 -5.644 88.647 14.550
16.155 32.424 15.985 16.155 32.424 24.041 23.564 31.109 15.985
-30.090 -49.811 18.973 -30.090 -49.811 21.574 -21.411 -50.179 18.973
30.941 -13.884 8.682 30.941 -13.884 18.051 38.359 -14.803 8.682
15.477 -35.940 -19.392 15.477 -35.940 -14.468 24.517 -36.068 -19.392
13.665 -136.193 15.793 13.665 -136.193 25.000 19.856 -135.248 15.793
-47.505 -57.494 2.603 -47.505 -57.494 10.861 -45.009 -57.154 2.603
3.850 129.546 15.842 3.850 129.546 25.000 13.544 129.801 15.842
48.975 57.545 -17.837 48.975 57.545 -13.519 47.949 57.494 -17.837
45.996 133.287 -3.281 45.996 133.287 3.360 41.992 133.571 -3.281
-34.283 109.139 -14.090 -34.283 109.139 -3.913 -27.321 109.462 -14.090
27.389 -80.491 -15.931 27.389 -80.491 -13.431 34.478 -81.166 -15.931
9.957 137.869 -15.321 9.957 137.869 -9.286 16.149 136.640 -15.321
45.514 -83.228 -8.277 45.514 -83.228 3.515 41.027 -83.969 -8.277
-21.438 102.355 -8.106 -21.438 102.355 -5.202 -14.531 101.099 -8.106
26.290 144.928 -9.152 26.290 144.928 -2.410 32.634 145.429 -9.152
-35.611 57.144 -16.567 -35.611 57.144 -8.135 -30.114 57.445 -16.567
-44.842 -13.539 5.688 -44.842 -13.539 9.501 -39.684 -13.237 5.688
-5.489 61.676 13.213 -5.489 61.676 17.936 3.619 60.436 13.213
-37.350 17.043 -14.340 -37.350 17.043 -3.680 -32.228 16.133 -14.340
-3.630 -76.728 15.563 -3.630 -76.728 25.000 2.265 -77.898 15.563
15.267 -144.378 7.711 15.267 -144.378 12.433 21.983 -145.210 7.711
-8.171 60.825 -14.773 -8.171 60.825 -11.869 -1.331 60.201 -14.773
40.925 4.040 3.699 40.925 4.040 9.532 31.850 2.767 3.699
-6.725 -130.151 -22.607 -6.725 -130.151 -20.215 0.878 -131.217 -22.607
8.831 12.621 -19.919 8.831 12.621 -14.839 16.056 13.814 -19.919
-39.996 -77.717 21.115 -39.996 -77.717 25.000 -32.357 -76.958 21.115
11.957 149.534 -7.516 11.957 149.534 3.772 9.336 149.069 -7.516
-7.118 -36.901 -20.347 -7.118 -36.901 -15.693 1.968 -38.591 -20.347
-43.957 -127.307 1.189 -43.957 -127.307 10.254 -37.914 -126.732 1.189
-3.685 -60.276 1.062 -3.685 -60.276 4.067 2.176 -61.026 1.062
-3.877 122.625 -1.471 -3.877 122.625 4.262 4.731 124.118 -1.471
48.575 63.838 14.748 48.575 63.838 17.854 47.150 63.656 14.748
34.219 138.940 18.048 34.219 138.940 22.669 44.219 138.920 18.048
49.150 60.755 14.644 49.150 60.755 25.000 48.299 60.685 14.644
-7.668 -64.478 19.925 -7.668 -64.478 25.000 -2.179 -63.617 19.925
-49.611 -93.698 -15.660 -49.611 -93.698 -6.321 -49.223 -93.702 -15.660
-48.257 -85.279 19.208 -48.257 -85.279 22.819 -46.515 -85.395 19.208
43.182 83.238 1.903 43.182 83.238 14.302 49.108 83.875 1.903
-7.485 -121.636 -8.410 -7.485 -121.636 -3.183 -2.016 -121.004 -8.410
34.109 67.472 6.331 34.109 67.472 17.619 41.140 68.604 6.331
3.621 85.270 -7.712 3.621 85.270 2.262 9.062 85.656 -7.712
-45.112 -130.367 3.889 -45.112 -130.367 10.228 -40.224 -129.682 3.889
-38.714 93.922 -16.106 -38.714 93.922 -7.212 -31.718 94.503 -16.106
1.241 -99.031 21.130 1.241 -99.031 25.000 7.364 -99.714 21.130
-32.626 2.815 16.920 -32.626 2.815 25.000 -25.316 1.517 16.920
-48.730 125.512 -12.635 -48.730 125.512 -2.964 -47.461 125.587 -12.635
-33.047 6.825 -20.975 -33.047 6.825 -16.950 -24.160 6.664 -20.975
-46.775 40.659 -11.416 -46.775 40.659 -6.997 -43.550 40.379 -11.416
43.184 -71.836 -9.077 43.184 -71.836 -2.132 36.368 -71.684 -9.077
-39.364 -134.518 19.390 -39.364 -134.518 25.000 -33.779 -134.032 19.390
31.417 -17.483 13.349 31.417 -17.483 25.000 39.933 -16.041 13.349
-18.911 -108.589 5.653 -18.911 -108.589 11.891 -13.269 -109.451 5.653
15.404 87.468 -7.704 15.404 87.468 0.655 21.595 87.982 -7.704
-49.558 -90.019 -8.555 -49.558 -90.019 -1.509 -49.117 -90.075 -8.555
44.740 16.525 3.117 44.740 16.525 11.172 39.480 15.916 3.117
8.382 93.126 -19.760 8.382 93.126 -14.519 14.834 94.031 -19.760
-19.643 -22.097 19.302 -19.643 -22.097 23.924 -14.155 -21.664 19.302
3.813 -132.458 -20.568 3.813 -132.458 -16.137 13.026 -134.017 -20.568
39.795 -59.534 -9.788 39.795 -59.534 -0.016 49.592 -60.949 -9.788
-46.501 121.826 8.459 -46.501 121.826 18.130 -43.002 122.404 8.459
20.376 -27.206 20.758 20.376 -27.206 25.000 29.580 -28.045 20.758
-29.833 4.271 6.167 -29.833 4.271 17.657 -20.740 2.618 6.167
-18.563 -25.448 14.537 -18.563 -25.448 25.000 -13.408 -24.746 14.537
-26.336 73.624 -17.852 -26.336 73.624 -15.049 -17.195 73.495 -17.852
-34.750 -84.858 -4.210 -34.750 -84.858 6.068 -29.346 -84.847 -4.210
-12.145 122.982 -7.661 -12.145 122.982 -1.828 -5.683 122.786 -7.661
38.705 -50.992 -16.550 38.705 -50.992 -8.101 47.843 -50.752 -16.550
-20.193 -149.103 -16.125 -20.193 -149.103 -10.695 -11.872 -149.557 -16.125
-28.753 5.699 5.489 -28.753 5.699 9.707 -22.351 4.801 5.489
-24.725 -55.579 15.977 -24.725 -55.579 25.000 -19.283 -56.410 15.977
-20.586 39.840 1.281 -20.586 39.840 10.347 -11.041 38.853 1.281
45.865 -26.827 17.306 45.865 -26.827 25.000 41.731 -27.648 17.306
-46.429 29.460 17.185 -46.429 29.460 25.000 -42.858 29.395 17.185
37.011 -94.499 18.832 37.011 -94.499 25.000 43.417 -95.371 18.832
9.810 -27.178 -18.114 9.810 -27.178 -11.229 19.222 -27.960 -18.114
-4.143 -100.047 -13.233 -4.143 -100.047 -10.026 1.403 -99.722 -13.233
-19.286 -104.772 14.087 -19.286 -104.772 25.000 -10.592 -105.635 14.087
9.673 121.636 15.295 9.673 121.636 20.219 19.233 120.804 15.295
-22.701 -10.314 -16.136 -22.701 -10.314 -7.271 -16.005 -9.785 -16.136
-30.410 38.495 0.562 -30.410 38.495 7.406 -21.122 38.776 0.562
-45.401 1.314 8.858 -45.401 1.314 12.166 -40.803 0.951 8.858
-42.880 67.307 15.232 -42.880 67.307 25.000 -36.670 67.144 15.232
-29.687 -24.981 -20.036 -29.687 -24.981 -15.073 -22.220 -24.634 -20.036
-3.493 -61.512 -5.120 -3.493 -61.512 2.431 1.492 -61.118 -5.120
-21.621 -32.727 -0.880 -21.621 -32.727 4.246 -12.394 -32.185 -0.880
46.864 -104.085 -16.452 46.864 -104.085 -13.750 43.727 -104.397 -16.452
-11.824 56.705 -13.167 -11.824 56.705 -10.162 -3.263 57.346 -13.167
29.806 -102.849 -3.579 29.806 -102.849 5.487 36.254 -103.780 -3.579
15.441 8.611 20.367 15.441 8.611 23.776 22.949 9.112 20.367
5.361 127.322 5.824 5.361 127.322 12.365 11.213 127.594 5.824
2.916 -39.181 0.168 2.916 -39.181 3.173 9.348 -38.146 0.168
4.033 107.903 -15.709 4.033 107.903 -6.418 13.170 108.180 -15.709
-21.786 4.683 -4.997 -21.786 4.683 -2.497 -12.755 6.400 -4.997
46.850 136.463 18.662 46.850 136.463 25.000 43.700 136.086 18.662
44.007 -36.337 -20.294 44.007 -36.337 -15.589 38.013 -36.107 -20.294
-1.598 -7.979 21.834 -1.598 -7.979 25.000 6.229 -8.884 21.834
47.739 -18.436 -6.778 47.739 -18.436 -1.551 45.478 -18.550 -6.778
46.817 14.453 12.491 46.817 14.453 17.415 43.634 14.189 12.491
48.705 -108.326 -16.820 48.705 -108.326 -8.640 47.410 -108.171 -16.820
41.567 89.752 12.931 41.567 89.752 19.269 33.134 88.429 12.931
-15.542 58.408 10.789 -15.542 58.408 19.047 -5.794 58.349 10.789
3.053 -88.072 -18.999 3.053 -88.072 -12.998 10.665 -88.549 -18.999
-5.892 15.313 -20.214 -5.892 15.313 -15.428 0.404 15.784 -20.214
34.338 92.027 22.908 34.338 92.027 25.000 40.861 90.923 22.908
46.611 88.515 17.576 46.611 88.515 25.000 43.221 88.054 17.576
19.909 87.715 19.631 19.909 87.715 25.000 29.717 88.609 19.631
-11.449 -6.441 -18.692 -11.449 -6.441 -12.383 -3.027 -6.901 -18.692
44.821 143.084 13.461 44.821 143.084 22.829 39.642 143.662 13.461
23.544 15.697 14.971 23.544 15.697 25.000 28.515 16.232 14.971
-2.715 86.067 -19.588 -2.715 86.067 -14.177 2.816 85.540 -19.588
49.577 62.835 14.618 49.577 62.835 25.000 49.155 62.901 14.618
-45.614 -76.244 -9.934 -45.614 -76.244 0.950 -41.229 -76.986 -9.934
-7.952 63.462 16.419 -7.952 63.462 23.363 0.321 63.044 16.419
40.474 -111.184 13.979 40.474 -111.184 25.000 30.948 -112.876 13.979
-48.192 -98.551 -16.253 -48.192 -98.551 -8.400 -46.384 -98.790 -16.253
-9.032 -81.755 6.291 -9.032 -81.755 15.761 -0.039 -82.684 6.291
17.309 40.005 -2.463 17.309 40.005 8.421 23.105 39.642 -2.463
10.643 90.214 19.748 10.643 90.214 25.000 19.611 89.579 19.748
-1.964 73.679 -7.821 -1.964 73.679 0.740 4.933 72.368 -7.821
33.587 85.160 -21.181 33.587 85.160 -17.361 40.101 85.305 -21.181
29.760 -27.837 5.492 29.760 -27.837 14.860 37.689 -27.853 5.492
31.500 71.619 15.553 31.500 71.619 25.000 36.851 71.782 15.553
-46.822 -42.976 -22.721 -46.822 -42.976 -20.443 -43.643 -42.504 -22.721
-3.356 124.795 -7.859 -3.356 124.795 -0.611 5.446 123.232 -7.859
41.580 -11.083 1.430 41.580 -11.083 8.071 49.193 -11.529 1.430
48.359 145.368 -20.660 48.359 145.368 -16.847 46.719 145.666 -20.660
43.950 127.892 -3.225 43.950 127.892 -0.624 37.899 127.068 -3.225
41.333 43.532 13.265 41.333 43.532 23.341 32.666 44.006 13.265
-46.888 -28.336 20.371 -46.888 -28.336 25.000 -43.776 -28.812 20.371
30.346 -17.675 -1.010 30.346 -17.675 8.762 36.598 -16.798 -1.010
25.375 -108.947 18.802 25.375 -108.947 25.000 33.729 -110.430 18.802
-18.032 48.932 -7.768 -18.032 48.932 -4.258 -9.598 48.881 -7.768
-44.867 -6.747 -1.218 -44.867 -6.747 4.414 -39.734 -7.236 -1.218
-2.742 95.213 -19.321 -2.742 95.213 -13.642 5.169 94.168 -19.321
-44.844 -63.878 20.353 -44.844 -63.878 25.000 -39.687 -64.793 20.353
-42.861 -78.192 -2.225 -42.861 -78.192 1.184 -35.722 -77.396 -2.225
14.022 -112.407 -10.394 14.022 -112.407 -4.662 21.597 -112.514 -10.394
-42.203 34.787 -22.831 -42.203 34.787 -20.662 -34.475 34.771 -22.831
40.939 120.949 3.848 40.939 120.949 14.530 48.221 122.395 3.848
-47.657 82.970 20.782 -47.657 82.970 25.000 -45.315 82.823 20.782
-45.789 39.183 7.271 -45.789 39.183 12.297 -41.578 39.158 7.271
34.136 -22.564 10.768 34.136 -22.564 17.409 39.272 -22.969 10.768
27.050 58.875 -0.392 27.050 58.875 7.462 32.380 59.382 -0.392
37.954 -36.874 17.054 37.954 -36.874 24.807 47.458 -38.800 17.054
42.769 -109.480 -5.346 42.769 -109.480 5.437 35.538 -110.795 -5.346
41.790 133.095 2.530 41.790 133.095 5.535 33.579 134.656 2.530
-38.760 -20.064 22.675 -38.760 -20.064 25.000 -33.054 -19.961 22.675
10.689 83.018 -9.889 10.689 83.018 -3.247 19.514 83.500 -9.889
-26.418 71.262 -11.498 -26.418 71.262 -7.280 -21.120 71.037 -11.498
-5.544 -1.442 4.559 -5.544 -1.442 12.817 1.400 -2.047 4.559
-29.165 49.756 13.236 -29.165 49.756 25.000 -21.615 50.383 13.236
-14.397 -12.209 -5.357 -14.397 -12.209 -0.028 -4.505 -13.272 -5.357
-14.223 -69.532 -6.521 -14.223 -69.532 0.828 -5.741 -68.202 -6.521
22.939 -4.189 -18.627 22.939 -4.189 -12.253 30.896 -5.602 -18.627
-48.131 87.063 -12.900 -48.131 87.063 -3.532 -46.261 86.840 -12.900
35.025 23.855 16.562 35.025 23.855 24.516 40.717 24.258 16.562
7.649 40.362 -6.752 7.649 40.362 1.001 15.410 40.880 -6.752
7.247 -103.673 10.754 7.247 -103.673 22.647 12.392 -104.437 10.754
8.657 16.823 12.414 8.657 16.823 16.328 15.609 16.331 12.414
-23.168 119.246 -0.474 -23.168 119.246 3.743 -13.645 118.067 -0.474
44.439 17.607 17.888 44.439 17.607 25.000 38.878 17.888 17.888
-41.663 103.776 15.185 -41.663 103.776 25.000 -33.325 105.326 15.185
4.134 131.140 11.109 4.134 131.140 23.003 9.299 131.758 11.109
28.295 98.097 17.520 28.295 98.097 25.000 37.587 99.478 17.520
-20.302 -87.962 1.877 -20.302 -87.962 11.649 -15.098 -88.671 1.877
-16.558 129.189 3.201 -16.558 129.189 7.318 -11.228 128.682 3.201
-41.269 -128.475 17.785 -41.269 -128.475 24.224 -33.903 -128.818 17.785
-38.723 -11.165 -21.407 -38.723 -11.165 -17.815 -33.609 -10.214 -21.407
42.724 1.407 -9.309 42.724 1.407 0.161 35.447 2.219 -9.309
-48.095 -63.984 15.960 -48.095 -63.984 25.000 -46.189 -63.888 15.960
46.809 35.747 6.876 46.809 35.747 18.770 43.618 35.818 6.876
13.683 -112.490 -13.418 13.683 -112.490 -1.835 20.232 -112.026 -13.418
-26.647 96.889 7.100 -26.647 96.889 17.782 -18.554 95.686 7.100
7.631 112.352 17.059 7.631 112.352 25.000 14.679 113.370 17.059
-35.391 -38.879 -7.584 -35.391 -38.879 -2.357 -28.528 -38.001 -7.584
45.792 -130.748 -18.563 45.792 -130.748 -12.125 41.584 -130.210 -18.563
47.610 87.428 19.008 47.610 87.428 25.000 45.219 87.326 19.008
18.563 144.021 -20.161 18.563 144.021 -15.322 24.848 144.620 -20.161
22.619 116.198 -6.708 22.619 116.198 -2.894 21.462 126.639 -6.708
26.894 -128.805 13.636 26.894 -128.805 18.964 28.917 -117.469 13.636
-31.225 -131.826 -11.660 -31.225 -131.826 -3.099 -32.111 -121.054 -11.660
-39.082 140.318 -14.243 -39.082 140.318 -8.713 -40.170 130.637 -14.243
-16.723 72.004 -3.653 -16.723 72.004 4.099 -15.991 85.216 -3.653
15.926 6.166 -15.334 15.926 6.166 -11.521 14.716 24.510 -15.334
24.452 -137.313 9.885 24.452 -137.313 13.900 26.399 -124.627 9.885
-40.742 -134.670 6.499 -40.742 -134.670 14.554 -37.751 -119.340 6.499
-49.528 55.741 15.166 -49.528 55.741 22.212 -49.056 52.714 15.166
29.852 40.005 15.381 29.852 40.005 19.800 29.837 51.924 15.381
17.208 -100.102 14.407 17.208 -100.102 25.000 20.277 -82.899 14.407
19.982 -50.662 7.038 19.982 -50.662 9.942 18.071 -36.549 7.038
48.922 39.621 -7.405 48.922 39.621 3.479 47.845 33.437 -7.405
-43.301 -71.235 -0.129 -43.301 -71.235 7.927 -40.321 -54.529 -0.129
45.312 149.463 -20.146 45.312 149.463 -15.322 45.229 148.927 -20.146
-26.317 -133.640 -8.388 -26.317 -133.640 -3.464 -29.414 -117.281 -8.388
-13.317 -147.103 1.167 -13.317 -147.103 4.374 -13.902 -144.206 1.167
-25.356 -53.711 -18.673 -25.356 -53.711 -14.658 -25.378 -36.135 -18.673
15.880 55.579 15.764 15.880 55.579 25.000 15.923 70.730 15.764
-48.385 -67.383 -10.325 -48.385 -67.383 -7.017 -46.770 -58.331 -10.325
-33.129 77.964 -15.876 -33.129 77.964 -10.649 -33.277 93.822 -15.876
41.644 119.549 -1.219 41.644 119.549 2.190 42.521 130.017 -1.219
37.780 7.869 15.527 37.780 7.869 23.077 39.841 20.940 15.527
34.384 39.895 5.960 34.384 39.895 18.359 33.354 53.797 5.960
-13.243 147.591 -21.158 -13.243 147.591 -18.355 -12.877 145.182 -21.158
32.305 120.922 -14.161 32.305 120.922 -3.322 29.000 139.622 -14.161
-39.800 146.526 -15.510 -39.800 146.526 -6.019 -39.500 143.052 -15.510
12.438 49.234 -14.403 12.438 49.234 -3.805 10.931 67.556 -14.403
-17.382 25.585 -5.183 -17.382 25.585 -0.259 -16.376 43.739 -5.183
-19.195 127.377 -5.403 -19.195 127.377 0.936 -20.336 141.979 -5.403
-5.730 -143.425 -8.625 -5.730 -143.425 -2.590 -5.765 -136.850 -8.625
-16.155 -6.139 -14.793 -16.155 -6.139 -8.253 -15.754 5.268 -14.793
14.956 -16.274 -6.980 14.956 -16.274 3.601 17.136 0.657 -6.980
12.172 116.170 -2.135 12.172 116.170 7.435 12.840 131.610 -2.135
-48.665 80.326 15.959 -48.665 80.326 25.000 -47.331 87.985 15.959
49.267 -26.144 7.649 49.267 -26.144 17.826 48.533 -20.377 7.649
28.323 70.878 -10.964 28.323 70.878 -3.414 26.532 90.696 -10.964
45.375 -143.204 14.929 45.375 -143.204 25.000 44.173 -136.409 14.929
26.345 67.911 3.023 26.345 67.911 8.352 28.491 81.889 3.023
-45.206 -6.825 -7.934 -45.206 -6.825 1.637 -44.690 4.071 -7.934
-23.388 -72.745 1.525 -23.388 -72.745 5.641 -25.136 -59.425 1.525
-36.489 37.588 20.264 -36.489 37.588 25.000 -36.356 57.083 20.264
16.045 -11.467 -17.068 16.045 -11.467 -9.137 14.717 3.930 -17.068
45.938 137.869 -19.060 45.938 137.869 -13.120 44.358 148.867 -19.060
40.390 -137.457 4.201 40.390 -137.457 12.762 42.337 -127.031 4.201
-19.048 -27.892 -5.389 -19.048 -27.892 5.393 -18.199 -12.562 -5.389
37.167 -20.064 14.187 37.167 -20.064 25.000 36.042 -9.518 14.187
-27.407 -61.512 20.519 -27.407 -61.512 25.000 -27.022 -47.274 20.519
43.274 8.034 -15.006 43.274 8.034 -7.052 43.204 21.266 -15.006
5.068 118.477 -11.452 5.068 118.477 -7.942 5.379 128.473 -11.452
26.080 -29.376 11.396 26.080 -29.376 22.280 24.079 -13.644 11.396
-34.878 39.978 -2.197 -34.878 39.978 2.323 -34.949 53.412 -2.197
-1.039 -9.874 19.745 -1.039 -9.874 25.000 -2.081 6.962 19.745
-8.208 77.882 -1.259 -8.208 77.882 1.847 -8.803 88.168 -1.259
48.440 -87.085 12.963 48.440 -87.085 22.230 46.879 -96.259 12.963
25.265 19.927 3.915 25.265 19.927 8.031 23.068 35.225 3.915
46.313 -25.311 17.071 46.313 -25.311 25.000 46.688 -11.477 17.071
40.976 73.103 6.948 40.976 73.103 10.963 40.670 90.676 6.948
11.788 25.283 -13.886 11.788 25.283 -4.821 11.394 43.663 -13.886
38.604 48.053 -20.154 38.604 48.053 -16.341 36.297 66.800 -20.154
-12.236 -118.917 -10.785 -12.236 -118.917 -6.366 -12.514 -108.011 -10.785
2.861 -56.980 -18.308 2.861 -56.980 -11.616 0.601 -43.225 -18.308
15.029 -86.561 5.278 15.029 -86.561 16.970 18.144 -69.880 5.278
5.315 -131.991 11.312 5.315 -131.991 21.691 4.697 -119.582 11.312
-45.590 35.830 -18.345 -45.590 35.830 -11.691 -43.650 53.095 -18.345
16.659 104.827 -0.620 16.659 104.827 7.941 16.640 120.281 -0.620
48.853 135.840 -14.332 48.853 135.840 -5.469 47.706 127.713 -14.332
39.648 -25.311 -17.342 39.648 -25.311 -9.683 41.970 -12.592 -17.342
6.944 -128.585 0.319 6.944 -128.585 9.486 5.594 -110.352 0.319
-27.599 142.030 -20.793 -27.599 142.030 -16.777 -27.976 134.059 -20.793
-7.686 -57.639 3.762 -7.686 -57.639 7.373 -8.429 -45.642 3.762
13.436 -134.024 -11.188 13.436 -134.024 -3.031 11.894 -121.492 -11.188
18.554 -38.192 -17.622 18.554 -38.192 -10.577 19.123 -23.658 -17.622
33.935 -36.792 6.225 33.935 -36.792 18.623 32.207 -18.489 6.225
6.542 115.154 -17.777 6.542 115.154 -11.136 8.854 129.821 -17.777
26.140 149.507 -8.321 26.140 149.507 2.159 26.090 149.013 -8.321
-34.860 -12.072 13.919 -34.860 -12.072 24.702 -31.934 6.487 13.919
12.502 107.353 -1.717 12.502 107.353 7.248 11.779 124.712 -1.717
31.747 103.810 7.405 31.747 103.810 17.885 32.587 121.568 7.405
0.407 123.504 -15.603 0.407 123.504 -6.206 -0.412 143.184 -15.603
1.085 123.476 21.333 1.085 123.476 25.000 0.435 137.704 21.333
-2.348 -42.587 16.728 -2.348 -42.587 25.000 -0.157 -31.591 16.728
10.286 -4.601 -19.646 10.286 -4.601 -14.291 7.966 10.270 -19.646
-4.445 -33.303 -8.283 -4.445 -33.303 1.591 -2.622 -19.993 -8.283
-48.336 142.800 -19.296 -48.336 142.800 -13.968 -48.066 135.600 -19.296
24.532 59.644 -1.052 24.532 59.644 6.398 25.054 74.483 -1.052
-33.505 91.368 20.307 -33.505 91.368 25.000 -34.815 111.224 20.307
24.221 84.144 -13.222 24.221 84.144 -4.965 22.757 96.889 -13.222
47.159 16.372 18.632 47.159 16.372 25.000 44.318 30.444 18.632
-20.733 -60.770 4.028 -20.733 -60.770 11.376 -23.240 -42.252 4.028
6.368 3.502 -14.109 6.368 3.502 -3.218 5.382 19.431 -14.109
27.947 45.114 -5.793 27.947 45.114 3.879 28.959 57.801 -5.793
-4.692 -5.342 19.522 -4.692 -5.342 25.000 -5.681 14.532 19.522
-16.430 -6.551 -16.044 -16.430 -6.551 -7.088 -16.594 5.771 -16.044
42.074 72.993 -8.661 42.074 72.993 -1.312 40.114 91.373 -8.661
-39.758 63.956 -21.667 -39.758 63.956 -18.333 -41.035 82.194 -21.667
11.129 -50.360 -3.922 11.129 -50.360 6.457 9.035 -35.354 -3.922
-39.676 108.150 19.001 -39.676 108.150 25.000 -40.359 120.859 19.001
-26.547 -123.861 -20.395 -26.547 -123.861 -15.790 -24.376 -110.092 -20.395
-34.777 147.084 -18.828 -34.777 147.084 -12.657 -34.407 144.168 -18.828
-27.627 -109.716 1.863 -27.627 -109.716 10.323 -24.822 -95.340 1.863
1.039 10.616 2.256 1.039 10.616 10.008 -1.821 25.083 2.256
23.849 -148.579 -4.489 23.849 -148.579 -0.676 23.709 -147.157 -4.489
39.474 -43.905 -12.290 39.474 -43.905 -2.012 42.453 -28.638 -12.290
0.664 13.637 -13.821 0.664 13.637 -5.362 1.387 25.028 -13.821
45.975 97.493 -21.178 45.975 97.493 -17.356 44.240 113.155 -21.178
-32.800 -6.963 13.004 -32.800 -6.963 20.857 -30.768 3.447 13.004
43.805 70.164 19.080 43.805 70.164 25.000 41.244 89.082 19.080
-26.153 27.316 6.849 -26.153 27.316 9.955 -25.145 42.231 6.849
-31.060 -69.752 4.709 -31.060 -69.752 14.078 -29.309 -59.701 4.709
-47.888 99.086 16.909 -47.888 99.086 25.000 -46.909 110.762 16.909
24.322 -52.750 -0.090 24.322 -52.750 6.552 20.981 -33.851 -0.090
-45.379 141.381 13.037 -45.379 141.381 16.345 -45.055 132.762 13.037
-31.765 -30.145 6.682 -31.765 -30.145 12.617 -29.736 -17.273 6.682
17.620 9.050 1.475 17.620 9.050 9.732 17.804 21.372 1.475
-33.825 122.845 15.210 -33.825 122.845 22.255 -34.368 132.931 15.210
-18.947 64.203 4.605 -18.947 64.203 8.923 -15.689 81.269 4.605
1.350 -97.163 22.513 1.350 -97.163 25.000 2.166 -82.438 22.513
-40.005 -61.512 1.490 -40.005 -61.512 4.394 -38.423 -44.311 1.490
2.211 -29.980 16.209 2.211 -29.980 22.749 0.837 -13.269 16.209
-18.233 -39.621 -0.719 -18.233 -39.621 3.902 -17.592 -23.270 -0.719
-12.658 -49.536 18.825 -12.658 -49.536 24.153 -11.694 -30.773 18.825
9.664 110.732 12.213 9.664 110.732 20.269 9.707 126.186 12.213
-41.626 -68.104 1.133 -41.626 -68.104 5.249 -43.749 -50.250 1.133
-37.350 -51.981 2.966 -37.350 -51.981 5.972 -34.423 -32.911 2.966
36.389 13.500 19.540 36.389 13.500 25.000 39.319 30.317 19.540
48.936 9.338 -10.136 48.936 9.338 -5.111 47.872 17.442 -10.136
27.142 33.331 -21.488 27.142 33.331 -17.975 25.781 44.765 -21.488
-38.824 16.439 19.356 -38.824 16.439 25.000 -36.178 32.792 19.356
-31.124 44.455 14.334 -31.124 44.455 22.490 -28.185 64.135 14.334
-14.827 -36.517 19.965 -14.827 -36.517 25.000 -13.246 -19.317 19.965
-11.769 52.365 1.908 -11.769 52.365 13.499 -12.776 63.025 1.908
-47.183 -36.352 0.538 -47.183 -36.352 11.017 -44.981 -23.714 0.538
8.061 119.823 -21.331 8.061 119.823 -17.662 5.936 134.621 -21.331
-18.874 29.788 -6.201 -18.874 29.788 2.258 -19.042 47.868 -6.201
-20.305 -141.198 18.830 -20.305 -141.198 25.000 -21.497 -132.395 18.830
-24.715 53.656 -21.524 -24.715 53.656 -18.048 -24.971 65.573 -21.524
27.935 143.503 12.924 27.935 143.503 19.060 29.056 137.005 12.924
-0.124 -46.185 -11.587 -0.124 -46.185 -1.612 0.788 -26.914 -11.587
8.592 78.871 -12.952 8.592 78.871 -9.543 10.649 93.882 -12.952
12.963 -147.669 6.614 12.963 -147.669 13.053 12.941 -145.337 6.614
-3.798 -147.956 -2.993 -3.798 -147.956 0.315 -4.016 -145.913 -2.993
11.779 39.319 -7.842 11.779 39.319 0.517 14.357 51.988 -7.842
45.799 -147.068 8.091 45.799 -147.068 13.824 45.257 -144.136 8.091
-43.448 -103.096 11.189 -43.448 -103.096 17.225 -43.545 -84.612 11.189
-19.689 -104.854 -19.805 -19.689 -104.854 -14.610 -22.597 -85.169 -19.805
-19.588 66.977 16.695 -19.588 66.977 25.000 -21.167 81.234 16.695
-33.578 7.649 -17.641 -33.578 7.649 -11.505 -33.044 21.275 -17.641
29.614 -0.645 -19.432 29.614 -0.645 -13.863 31.099 17.070 -19.432
-11.885 -139.803 -16.522 -11.885 -139.803 -9.174 -13.730 -129.605 -16.522
20.211 61.127 -7.876 20.211 61.127 2.806 20.018 72.236 -7.876
-42.769 -134.213 7.196 -42.769 -134.213 15.151 -43.682 -118.426 7.196
20.101 -82.441 -2.160 20.101 -82.441 9.734 21.733 -70.532 -2.160
29.431 -31.106 0.255 29.431 -31.106 11.542 30.934 -14.000 0.255
26.830 -97.603 14.463 26.830 -97.603 17.569 27.341 -84.582 14.463
-1.415 -100.377 22.620 -1.415 -100.377 25.000 0.686 -88.029 22.620
38.110 87.220 -11.785 38.110 87.220 0.311 40.168 98.242 -11.785
-44.272 -37.780 21.797 -44.272 -37.780 25.000 -45.376 -22.872 21.797
-29.897 125.317 -21.902 -29.897 125.317 -18.804 -31.766 137.293 -21.902
9.114 75.602 12.653 9.114 75.602 24.142 10.648 89.253 12.653
24.777 147.211 0.100 24.777 147.211 9.065 24.735 144.421 0.100
-19.771 -59.287 8.329 -19.771 -59.287 14.768 -18.505 -40.542 8.329
23.663 -109.001 -11.056 23.663 -109.001 0.939 26.407 -92.460 -11.056
20.843 104.415 -13.875 20.843 104.415 -7.840 23.216 117.124 -13.875
-46.304 -21.712 14.155 -46.304 -21.712 21.807 -48.432 -5.997 14.155
40.481 -27.316 19.219 40.481 -27.316 23.840 42.907 -8.481 19.219
-31.289 -76.426 19.176 -31.289 -76.426 25.000 -33.519 -64.101 19.176
14.699 51.953 18.758 14.699 51.953 25.000 12.194 67.203 18.758
49.482 125.655 22.120 49.482 125.655 25.000 48.965 130.006 22.120
-7.421 107.353 -13.130 -7.421 107.353 -7.398 -9.359 117.370 -13.130
-49.330 -36.032 20.288 -49.330 -36.032 25.000 -48.659 -39.423 20.288
40.454 7.128 -18.049 40.454 7.128 -13.024 38.308 26.504 -18.049
-42.752 -124.026 -4.078 -42.752 -124.026 0.745 -42.575 -112.209 -4.078
13.308 -89.390 10.071 13.308 -89.390 12.773 16.350 -74.444 10.071
-13.921 52.475 14.648 -13.921 52.475 25.000 -13.639 71.362 14.648
20.925 104.827 -8.353 20.925 104.827 -1.611 18.532 123.054 -8.353
39.731 7.265 -17.313 39.731 7.265 -9.627 40.748 23.293 -17.313
-3.584 -10.451 7.872 -3.584 -10.451 16.432 -4.991 5.852 7.872
-9.416 1.305 -13.724 -9.416 1.305 -10.416 -9.834 12.408 -13.724
35.656 28.964 13.022 35.656 28.964 23.502 34.564 40.528 13.022
-37.954 138.600 16.622 -37.954 138.600 19.930 -40.178 127.199 16.622
28.854 -98.784 13.176 28.854 -98.784 21.130 29.059 -85.048 13.176
14.187 98.537 9.958 14.187 98.537 15.993 12.568 110.141 9.958
21.154 -76.701 11.236 21.154 -76.701 22.120 21.874 -62.679 11.236
45.022 121.279 -12.747 45.022 121.279 -4.894 43.161 136.926 -12.747
-10.717 86.094 10.773 -10.717 86.094 14.788 -10.471 102.557 10.773
-7.303 141.509 -9.329 -7.303 141.509 1.252 -6.118 133.019 -9.329
-45.087 98.070 15.370 -45.087 98.070 19.082 -43.684 110.110 15.370
38.907 56.925 -7.138 38.907 56.925 4.756 36.291 76.243 -7.138
-4.720 -125.619 14.442 -4.720 -125.619 17.447 -4.563 -115.115 14.442
49.754 20.305 14.264 49.754 20.305 24.643 49.508 22.179 14.264
0.224 -103.206 7.460 0.224 -103.206 12.687 -2.469 -85.940 7.460
19.515 -124.383 -10.955 19.515 -124.383 -0.273 21.558 -107.435 -10.955
20.096 148.278 -4.028 20.096 148.278 5.846 20.105 146.555 -4.028
39.071 -92.933 -9.154 39.071 -92.933 3.144 36.779 -78.979 -9.154
-35.574 -28.936 18.836 -35.574 -28.936 25.000 -34.959 -14.707 18.836
23.221 -140.422 22.104 23.221 -140.422 25.000 21.687 -130.845 22.104
-17.309 -82.579 -1.598 -17.309 -82.579 8.478 -16.723 -71.179 -1.598
-40.042 104.003 -2.453 -40.042 104.003 2.875 -38.271 119.762 -2.453
47.874 -127.148 8.571 47.874 -127.148 12.586 45.748 -112.756 8.571
42.578 -106.722 -1.376 42.578 -106.722 3.043 43.970 -93.360 -1.376
-30.850 118.532 9.440 -30.850 118.532 20.425 -29.306 130.147 9.440
25.265 -55.112 19.459 25.265 -55.112 25.000 24.319 -41.610 19.459
-40.568 143.119 -18.376 -40.568 143.119 -11.752 -40.364 136.237 -18.376
49.097 -36.599 22.070 49.097 -36.599 25.000 49.777 -19.239 22.070
-13.472 -69.312 9.338 -13.472 -69.312 14.161 -13.437 -56.888 9.338
-47.366 -122.130 -14.019 -47.366 -122.130 -3.039 -47.745 -109.308 -14.019
-24.184 60.028 -3.445 -24.184 60.028 6.126 -22.588 70.718 -3.445
-38.888 63.187 -10.434 -38.888 63.187 -0.459 -40.084 78.494 -10.434
9.032 62.775 -12.287 9.032 62.775 -7.565 8.174 73.752 -12.287
-4.491 -38.495 -3.492 -4.491 -38.495 0.624 -2.189 -21.172 -3.492
49.681 -40.112 -7.608 49.681 -40.112 -0.866 49.361 -45.142 -7.608
-2.944 -99.471 -13.563 -2.944 -99.471 -2.126 -1.825 -83.854 -13.563
21.584 -29.788 -6.684 21.584 -29.788 -1.659 21.831 -16.760 -6.684
13.381 -35.034 1.739 13.381 -35.034 7.876 10.951 -15.284 1.739
35.446 -122.405 19.707 35.446 -122.405 23.924 37.475 -109.534 19.707
-46.533 125.811 -0.840 -46.533 125.811 5.701 -45.022 138.347 -0.840
13.326 -101.036 -19.654 13.326 -101.036 -14.309 13.605 -90.737 -19.654
-47.449 -9.874 10.662 -47.449 -9.874 19.223 -46.280 2.292 10.662
-45.398 5.315 -20.787 -45.398 5.315 -16.575 -43.631 23.715 -20.787
-38.357 -80.052 16.754 -38.357 -80.052 25.000 -37.918 -68.848 16.754
-49.319 32.188 17.975 -49.319 32.188 25.000 -48.638 37.158 17.975
-4.555 130.892 0.625 -4.555 130.892 10.903 -7.011 143.586 0.625
-21.740 -44.510 20.395 -21.740 -44.510 25.000 -24.871 -24.961 20.395
-48.721 -60.683 15.830 -48.721 -60.683 19.340 -47.443 -49.305 15.830
-27.114 -75.932 -15.112 -27.114 -75.932 -5.224 -28.971 -62.218 -15.112
-36.215 95.103 -16.198 -36.215 95.103 -8.446 -35.562 111.757 -16.198
38.284 -80.491 9.079 38.284 -80.491 21.275 41.150 -61.821 9.079
-16.736 -141.423 -2.680 -16.736 -141.423 3.860 -18.217 -132.846 -2.680
-9.581 81.205 18.703 -9.581 81.205 25.000 -9.044 93.618 18.703
-5.983 -44.263 7.855 -5.983 -44.263 16.416 -7.237 -30.988 7.855
3.932 90.791 0.320 3.932 90.791 6.457 6.094 104.153 0.320
11.238 27.563 17.774 11.238 27.563 25.000 10.411 37.630 17.774
43.567 18.252 -0.668 43.567 18.252 10.014 42.627 34.487 -0.668
12.621 23.992 -5.941 12.621 23.992 -0.713 8.980 43.658 -5.941
-22.317 80.189 -3.999 -22.317 80.189 -1.499 -20.546 97.878 -3.999
0.810 -130.810 -4.957 0.810 -130.810 2.593 -2.797 -112.166 -4.957
-33.522 -143.318 -20.942 -33.522 -143.318 -16.885 -33.206 -136.637 -20.942
39.447 -76.261 -12.276 39.447 -76.261 -2.605 37.720 -62.226 -12.276
33.358 -78.568 13.736 33.358 -78.568 25.000 30.715 -63.957 13.736
-10.761 140.671 -8.151 -10.761 140.671 -2.924 -12.309 131.341 -8.151
13.225 77.964 -21.289 13.225 77.964 -17.578 10.287 92.519 -21.289
34.237 -59.287 -5.098 34.237 -59.287 -2.295 34.939 -48.906 -5.098
6.880 -30.667 11.134 6.880 -30.667 20.301 7.787 -11.496 11.134
25.869 51.733 9.237 25.869 51.733 16.383 27.965 62.954 9.237
-34.668 56.238 11.455 -34.668 56.238 17.188 -36.375 69.665 11.455
-45.535 27.783 1.648 -45.535 27.783 10.815 -47.100 38.681 1.648
48.838 42.182 -14.838 48.838 42.182 -4.677 47.676 36.354 -14.838
-33.743 75.108 8.593 -33.743 75.108 18.770 -33.494 85.913 8.593
33.825 -115.703 16.881 33.825 -115.703 25.000 32.014 -98.729 16.881
-46.030 -46.954 -16.009 -46.030 -46.954 -7.017 -45.303 -33.843 -16.009
-23.919 -74.915 3.751 -23.919 -74.915 14.331 -23.251 -61.902 3.751
32.018 -148.616 -5.992 32.018 -148.616 0.347 31.983 -147.233 -5.992
48.187 63.037 -10.633 48.187 63.037 0.756 46.374 50.554 -10.633
35.177 144.020 -3.109 35.177 144.020 2.017 35.987 138.040 -3.109
40.573 -114.412 -15.179 40.573 -114.412 -6.921 39.304 -97.288 -15.179
6.697 -33.935 -22.013 6.697 -33.935 -19.026 7.153 -14.142 -22.013
-35.656 -39.181 -6.227 -35.656 -39.181 1.930 -35.391 -27.669 -6.227
-39.181 -47.394 -4.098 -39.181 -47.394 6.685 -39.197 -34.868 -4.098
-10.671 90.571 16.880 -10.671 90.571 21.805 -10.643 100.571 16.880
26.428 -66.401 18.773 26.428 -66.401 23.799 28.659 -55.207 18.773
-38.101 104.936 -13.383 -38.101 104.936 -1.995 -37.746 115.031 -13.383
14.763 -43.246 -8.942 14.763 -43.246 2.245 14.685 -28.398 -8.942
42.495 -61.292 22.533 42.495 -61.292 25.000 41.638 -42.524 22.533
-2.760 124.795 5.640 -2.760 124.795 10.867 -4.413 138.229 5.640
-38.870 15.395 -8.859 -38.870 15.395 -5.348 -38.213 32.150 -8.859
-24.395 -93.648 -10.971 -24.395 -93.648 -8.370 -24.943 -83.460 -10.971
6.734 -97.905 -18.404 6.734 -97.905 -11.808 8.912 -82.911 -18.404
12.721 -139.464 -17.869 12.721 -139.464 -10.738 12.964 -128.929 -17.869
39.190 -54.013 -17.175 39.190 -54.013 -11.342 35.844 -35.936 -17.175
0.517 68.351 -9.534 0.517 68.351 -1.074 -2.940 86.612 -9.534
-30.520 98.427 13.605 -30.520 98.427 24.287 -28.876 114.200 13.605
-18.581 -78.843 -15.997 -18.581 -78.843 -8.750 -22.380 -59.207 -15.997
-3.639 -122.954 -0.343 -3.639 -122.954 9.127 -5.105 -112.450 -0.343
43.790 145.871 0.843 43.790 145.871 7.484 44.063 141.742 0.843
-46.173 -141.214 10.564 -46.173 -141.214 13.872 -45.437 -132.428 10.564
45.937 -139.733 2.193 45.937 -139.733 4.895 47.854 -129.466 2.193
47.833 68.571 12.174 47.833 68.571 23.259 46.338 83.750 12.174
-36.499 -0.673 -18.922 -36.499 -0.673 -15.816 -37.047 11.335 -18.922
-33.706 -77.415 11.305 -33.706 -77.415 22.795 -31.979 -64.805 11.305
43.210 -93.153 -21.160 43.210 -93.153 -17.320 45.303 -82.653 -21.160
19.515 -84.693 -1.090 19.515 -84.693 3.531 18.468 -71.300 -1.090
4.344 112.572 18.036 4.344 112.572 25.000 5.768 126.235 18.036
-46.982 118.587 -19.258 -46.982 118.587 -13.516 -46.683 134.342 -19.258
-28.140 43.823 -14.448 -28.140 43.823 -7.503 -26.269 58.350 -14.448
47.742 60.523 -0.078 47.742 60.523 7.372 48.190 77.082 -0.078
13.074 138.189 5.204 13.074 138.189 10.937 11.892 126.378 5.204
-7.686 -123.009 6.957 -7.686 -123.009 19.154 -5.780 -106.046 6.957
-45.755 -125.454 -11.229 -45.755 -125.454 -1.456 -47.857 -106.479 -11.229
-49.084 68.305 -17.226 -49.084 68.305 -9.452 -48.168 62.273 -17.226
-8.400 -19.680 15.898 -8.400 -19.680 25.000 -6.369 -0.189 15.898
12.136 -90.159 14.438 12.136 -90.159 17.544 10.072 -77.600 14.438
-0.380 85.490 -16.775 -0.380 85.490 -13.366 2.450 100.991 -16.775
-47.991 -133.309 -4.732 -47.991 -133.309 -0.919 -45.982 -144.162 -4.732
-46.313 -111.721 -3.851 -46.313 -111.721 0.568 -44.229 -96.509 -3.851
-40.658 147.395 -18.220 -40.658 147.395 -12.387 -40.143 144.790 -18.220
45.178 132.733 16.528 45.178 132.733 25.000 45.443 146.670 16.528
35.821 -26.025 -10.303 35.821 -26.025 -5.985 38.079 -8.493 -10.303
-1.213 42.642 -6.731 -1.213 42.642 1.527 0.637 57.985 -6.731
24.029 -101.558 -0.186 24.029 -101.558 11.203 24.563 -84.395 -0.186
40.490 -105.019 17.852 40.490 -105.019 25.000 39.662 -93.837 17.852
16.338 23.800 13.240 16.338 23.800 19.477 17.863 36.028 13.240
10.680 -108.232 22.503 10.680 -108.232 25.000 11.955 -96.890 22.503
8.108 -146.240 -16.462 8.108 -146.240 -12.144 7.614 -142.480 -16.462
-35.556 -127.844 -20.120 -35.556 -127.844 -17.317 -39.101 -109.908 -20.120
39.731 139.555 20.791 39.731 139.555 25.000 38.983 129.110 20.791
39.016 101.421 19.121 39.016 101.421 25.000 38.841 111.520 19.121
-2.293 122.076 -17.267 -2.293 122.076 -13.857 -5.251 141.549 -17.267
7.924 132.376 -5.637 7.924 132.376 -2.329 5.973 146.790 -5.637
-5.260 20.861 -14.824 -5.260 20.861 -4.648 -8.541 39.873 -14.824
-26.766 118.889 19.203 -26.766 118.889 25.000 -25.442 134.693 19.203
-28.890 77.909 -16.150 -28.890 77.909 -12.337 -26.505 95.322 -16.150
-16.805 -105.568 -3.470 -16.805 -105.568 -0.263 -18.369 -93.650 -3.470
43.173 -65.055 -18.272 43.173 -65.055 -11.544 43.457 -52.735 -18.272
27.288 141.528 12.797 27.288 141.528 24.388 26.128 133.056 12.797
36.261 -113.890 -11.901 36.261 -113.890 -8.795 36.485 -98.842 -11.901
31.051 79.804 -12.764 31.051 79.804 -7.536 31.656 95.247 -12.764
-45.050 112.545 -6.727 -45.050 112.545 2.844 -44.693 131.329 -6.727
-24.824 144.792 11.688 -24.824 144.792 20.249 -25.666 139.584 11.688
43.548 -80.107 12.027 43.548 -80.107 17.355 46.263 -60.292 12.027
-26.977 21.520 21.195 -26.977 21.520 25.000 -25.251 36.878 21.195
-21.395 147.605 -8.627 -21.395 147.605 -3.500 -21.547 145.210 -8.627
-22.555 12.868 12.164 -22.555 12.868 21.027 -24.400 23.825 12.164
-8.547 -51.404 17.077 -8.547 -51.404 25.000 -5.383 -34.835 17.077
41.525 130.535 -11.624 41.525 130.535 -3.669 41.937 142.245 -11.624
-20.503 143.099 18.611 -20.503 143.099 24.343 -20.299 136.198 18.611
36.343 38.055 2.876 36.343 38.055 13.861 35.695 49.248 2.876
-32.955 52.475 -8.407 -32.955 52.475 -3.281 -35.382 69.372 -8.407
-25.602 -149.166 17.388 -25.602 -149.166 23.120 -25.501 -148.333 17.388
-12.081 140.643 -21.276 -12.081 140.643 -17.552 -11.426 131.285 -21.276
10.689 -84.996 14.360 10.689 -84.996 22.517 13.947 -68.650 14.360
-11.010 -47.476 -20.130 -11.010 -47.476 -15.259 -11.765 -35.277 -20.130
-7.677 -45.279 -8.831 -7.677 -45.279 -3.907 -8.082 -31.547 -8.831
-12.914 -10.918 -13.855 -12.914 -10.918 -3.072 -12.079 -0.446 -13.855
-41.177 -19.900 16.458 -41.177 -19.900 25.000 -42.355 -7.430 16.458
30.657 -3.337 1.398 30.657 -3.337 9.958 27.960 11.572 1.398
-26.418 -81.425 1.955 -26.418 -81.425 10.213 -27.890 -62.593 1.955
-11.440 -121.664 -4.258 -11.440 -121.664 5.414 -13.408 -107.558 -4.258
0.838 -35.034 -17.930 0.838 -35.034 -10.860 -0.041 -18.694 -17.930
26.107 18.471 8.639 26.107 18.471 12.351 25.409 35.224 8.639
24.322 91.203 1.156 24.322 91.203 11.030 25.747 110.038 1.156
47.570 145.043 5.338 47.570 145.043 13.899 46.726 140.085 5.338
-13.399 56.897 -14.928 -13.399 56.897 -8.994 -16.181 70.968 -14.928
-30.712 -73.762 -9.679 -30.712 -73.762 -3.543 -28.985 -61.152 -9.679
0.819 45.883 6.371 0.819 45.883 18.669 1.919 56.432 6.371
-12.406 -148.504 -11.448 -12.406 -148.504 -7.736 -12.633 -147.008 -11.448
6.807 131.030 -2.984 6.807 131.030 8.707 5.145 148.628 -2.984
-15.446 149.076 21.042 -15.446 149.076 25.000 -15.305 148.151 21.042
0.343 8.940 -1.837 0.343 8.940 4.097 -2.182 23.573 -1.837
24.560 -50.003 5.012 24.560 -50.003 10.442 24.753 -32.226 5.012
16.128 13.692 -7.762 16.128 13.692 -4.454 15.623 33.484 -7.762
-49.113 108.093 21.934 -49.113 108.093 25.000 -48.227 102.957 21.934
25.127 16.356 10.426 25.127 16.356 18.481 21.885 36.092 10.426
-43.365 -92.000 14.930 -43.365 -92.000 25.000 -44.734 -81.890 14.930
44.582 149.404 16.666 44.582 149.404 25.000 44.612 148.808 16.666
43.255 132.485 -13.566 43.255 132.485 -4.400 41.402 149.862 -13.566
-8.290 87.220 8.365 -8.290 87.220 14.905 -11.456 103.584 8.365
3.410 -40.609 -17.422 3.410 -40.609 -9.844 1.866 -29.198 -17.422
49.901 142.532 -16.424 49.901 142.532 -13.823 49.910 135.063 -16.424
32.003 76.673 -18.496 32.003 76.673 -13.773 31.821 96.268 -18.496
-11.577 41.681 -15.298 -11.577 41.681 -5.595 -14.321 55.862 -15.298
29.975 135.080 13.539 29.975 135.080 21.292 28.967 120.159 13.539
-42.395 45.059 21.789 -42.395 45.059 24.794 -39.680 60.273 21.789
-21.978 113.259 -16.448 -21.978 113.259 -12.231 -24.251 128.647 -16.448
9.583 -131.989 19.393 9.583 -131.989 25.000 8.249 -113.978 19.393
-4.866 -81.837 -15.661 -4.866 -81.837 -6.322 -4.517 -63.456 -15.661
-47.886 -147.181 17.745 -47.886 -147.181 25.000 -47.441 -144.361 17.745
43.979 64.066 6.360 43.979 64.066 18.355 46.631 77.956 6.360
39.264 -134.353 1.750 39.264 -134.353 8.694 40.107 -123.781 1.750
-21.044 4.985 16.309 -21.044 4.985 19.516 -20.951 18.520 16.309
-28.826 -20.312 -0.596 -28.826 -20.312 5.843 -27.343 -8.791 -0.596
4.610 20.586 -2.986 4.610 20.586 7.696 1.435 37.359 -2.986
30.612 -11.907 -8.892 30.612 -11.907 3.103 32.282 8.023 -8.892
4.875 94.087 -15.588 4.875 94.087 -9.149 6.160 112.021 -15.588
-39.831 -136.542 15.337 -39.831 -136.542 25.000 -40.664 -123.085 15.337
-19.890 -62.940 -11.041 -19.890 -62.940 -3.289 -20.835 -45.389 -11.041
38.073 103.481 -15.333 38.073 103.481 -10.005 34.598 121.841 -15.333
43.696 -141.573 -20.213 43.696 -141.573 -15.426 42.277 -133.145 -20.213
8.409 -52.805 -11.570 8.409 -52.805 0.829 10.605 -36.283 -11.570
43.365 -42.367 16.864 43.365 -42.367 25.000 43.770 -30.859 16.864
2.138 -21.355 19.948 2.138 -21.355 25.000 0.519 -9.751 19.948
-47.774 141.391 19.542 -47.774 141.391 25.000 -48.461 132.782 19.542
-38.879 -1.497 -5.563 -38.879 -1.497 -1.548 -38.004 15.551 -5.563
-44.638 69.477 15.437 -44.638 69.477 25.000 -42.130 82.058 15.437
12.365 -68.763 20.767 12.365 -68.763 25.000 10.354 -57.117 20.767
42.859 -147.819 -19.273 42.859 -147.819 -16.470 43.007 -145.638 -19.273
9.957 -102.464 13.574 9.957 -102.464 16.478 9.822 -92.364 13.574
-27.078 -20.284 -7.935 -27.078 -20.284 -1.192 -27.772 -1.812 -7.935
38.046 -37.588 -5.713 38.046 -37.588 -0.991 40.584 -25.117 -5.713
49.713 -6.702 17.574 49.713 -6.702 25.000 49.426 -3.375 17.574
39.154 97.493 -15.684 39.154 97.493 -6.367 40.133 116.559 -15.684
-9.682 22.015 -12.864 -9.682 22.015 -5.415 -11.896 36.595 -12.864
-17.913 31.655 -0.759 -17.913 31.655 7.196 -16.428 49.371 -0.759
-5.214 -27.453 10.030 -5.214 -27.453 17.883 -6.489 -11.950 10.030
-22.967 -43.274 19.437 -22.967 -43.274 25.000 -21.483 -31.753 19.437
8.657 114.357 -5.990 8.657 114.357 -1.167 5.035 133.924 -5.990
-11.028 85.792 -10.418 -11.028 85.792 -4.079 -11.514 102.250 -10.418
-3.127 -101.805 -14.527 -3.127 -101.805 -8.794 -4.528 -90.783 -14.527
-27.692 136.380 6.669 -27.692 136.380 18.866 -27.841 122.761 6.669
21.914 59.095 -20.964 21.914 59.095 -16.927 20.394 76.706 -20.964
-24.514 82.084 2.452 -24.514 82.084 7.781 -23.387 101.041 2.452
35.557 137.205 18.142 35.557 137.205 23.370 36.453 124.409 18.142
27.105 74.778 18.422 27.105 74.778 25.000 27.644 90.122 18.422
39.637 -143.343 21.243 39.637 -143.343 24.248 38.626 -136.685 21.243
32.260 -35.885 17.084 32.260 -35.885 25.000 34.581 -23.988 17.084
-13.601 76.975 -18.526 -13.601 76.975 -12.052 -12.675 90.681 -18.526
7.961 37.341 -1.773 7.961 37.341 6.889 5.837 51.322 -1.773
49.658 -104.652 -3.608 49.658 -104.652 1.619 49.316 -100.491 -3.608
18.517 -132.403 5.209 18.517 -132.403 7.709 16.682 -115.838 5.209
41.131 67.527 17.877 41.131 67.527 25.000 39.370 80.947 17.877
32.781 -142.656 -9.648 32.781 -142.656 -1.290 33.847 -135.312 -9.648
-27.535 -78.623 -18.365 -27.535 -78.623 -11.730 -31.142 -59.568 -18.365
-2.806 64.121 14.758 -2.806 64.121 20.591 -0.477 80.624 14.758
16.356 -26.904 8.696 16.356 -26.904 13.519 16.404 -10.136 8.696
-32.662 71.015 -1.701 -32.662 71.015 9.991 -32.492 86.671 -1.701
-17.125 -89.940 -6.098 -17.125 -89.940 4.281 -17.983 -78.963 -6.098
-8.895 -22.921 21.908 -8.895 -22.921 25.000 -5.208 -4.807 21.908
42.734 -61.045 21.520 42.734 -61.045 25.000 43.895 -44.824 21.520
-27.368 -134.392 -4.544 -27.368 -134.392 3.007 -26.819 -118.784 -4.544
-2.129 -50.497 3.931 -2.129 -50.497 12.492 -0.757 -37.336 3.931
19.378 -13.225 -5.818 19.378 -13.225 1.026 18.684 3.427 -5.818
-8.354 53.574 -0.149 -8.354 53.574 2.553 -5.624 71.856 -0.149
25.407 -137.531 -22.974 25.407 -137.531 -20.949 25.644 -125.062 -22.974
-16.878 -128.640 10.473 -16.878 -128.640 21.256 -14.286 -115.355 10.473
4.390 84.611 18.004 4.390 84.611 22.727 1.712 97.879 18.004
-47.412 75.465 19.260 -47.412 75.465 25.000 -46.085 87.716 19.260
-34.136 -133.392 18.054 -34.136 -133.392 25.000 -35.104 -121.005 18.054
46.643 -99.937 8.476 46.643 -99.937 17.643 49.703 -83.554 8.476
-45.920 -104.497 -2.551 -45.920 -104.497 9.444 -44.729 -87.873 -2.551
49.215 22.768 -14.102 49.215 22.768 -9.279 48.430 17.206 -14.102
2.550 -103.426 1.707 2.550 -103.426 13.197 4.233 -85.119 1.707
30.630 2.568 -16.014 30.630 2.568 -7.027 30.037 16.798 -16.014
23.315 -19.845 -14.781 23.315 -19.845 -4.563 25.347 -7.281 -14.781
32.406 -104.854 -17.040 32.406 -104.854 -9.079 34.534 -93.949 -17.040
23.727 -113.671 8.287 23.727 -113.671 13.414 25.280 -102.975 8.287
44.510 65.192 -9.366 44.510 65.192 -3.634 43.094 82.407 -9.366
23.375 144.700 5.724 23.375 144.700 17.719 22.407 139.400 5.724
8.428 -9.792 20.051 8.428 -9.792 25.000 10.251 3.518 20.051
15.734 -134.898 16.473 15.734 -134.898 25.000 15.777 -119.796 16.473
-10.469 -83.869 -19.029 -10.469 -83.869 -13.058 -12.567 -71.419 -19.029
0.874 -141.645 16.662 0.874 -141.645 25.000 1.439 -133.291 16.662
-12.896 8.721 -0.044 -12.896 8.721 5.486 -12.487 20.330 -0.044
1.057 -80.436 3.362 1.057 -80.436 11.114 -1.055 -61.361 3.362
14.391 148.058 0.526 14.391 148.058 3.733 14.767 146.115 0.526
-5.544 58.106 21.149 -5.544 58.106 25.000 -7.814 76.552 21.149
-12.877 26.904 -19.242 -12.877 26.904 -13.484 -15.159 40.450 -19.242
-33.853 131.167 -8.348 -33.853 131.167 -1.302 -33.564 143.689 -8.348
-39.483 -18.444 10.979 -39.483 -18.444 16.610 -37.742 -5.734 10.979
6.584 -145.957 -20.652 6.584 -145.957 -16.305 6.464 -141.915 -20.652
-11.962 84.968 5.047 -11.962 84.968 16.032 -9.448 100.115 5.047
2.641 92.000 -19.907 2.641 92.000 -14.814 2.017 102.790 -19.907
19.442 -43.603 -21.537 19.442 -43.603 -18.073 17.998 -31.467 -21.537
2.641 72.553 -18.002 2.641 72.553 -11.004 1.247 84.696 -18.002
-23.315 48.849 6.246 -23.315 48.849 8.847 -22.424 66.200 6.246
-49.141 -138.779 15.625 -49.141 -138.779 21.155 -48.283 -130.850 15.625
33.386 2.101 -0.676 33.386 2.101 11.218 32.828 14.311 -0.676
-23.534 -19.076 0.203 -23.534 -19.076 7.956 -24.046 -3.832 0.203
-8.025 -145.232 -12.186 -8.025 -145.232 -2.313 -8.592 -140.464 -12.186
-46.854 -0.151 -0.976 -46.854 -0.151 9.706 -46.461 12.469 -0.976
-48.941 -126.855 -13.286 -48.941 -126.855 -6.341 -49.510 -107.570 -13.286
-41.992 -86.863 -18.988 -41.992 -86.863 -16.286 -42.943 -70.426 -18.988
47.458 -37.173 14.947 47.458 -37.173 20.780 44.917 -50.484 14.947
-31.326 -80.326 16.032 -31.326 -80.326 23.583 -34.044 -63.780 16.032
-15.148 8.940 -16.325 -15.148 8.940 -11.704 -14.967 21.060 -16.325
-12.557 -120.949 10.334 -12.557 -120.949 21.016 -11.660 -101.981 10.334
30.578 -146.626 -13.658 30.578 -146.626 -8.734 30.438 -143.251 -13.658
38.458 -22.839 -14.944 38.458 -22.839 -6.990 39.106 -11.139 -14.944
-23.342 -13.417 -6.001 -23.342 -13.417 -0.976 -25.080 -1.319 -6.001
-32.461 -41.269 5.402 -32.461 -41.269 13.457 -29.850 -22.765 5.402
-24.981 127.761 12.506 -24.981 127.761 19.147 -26.504 141.515 12.506
18.325 65.879 18.818 18.325 65.879 25.000 18.661 78.298 18.818
-8.364 117.956 5.243 -8.364 117.956 12.490 -7.301 130.638 5.243
48.663 -107.513 -4.587 48.663 -107.513 -1.481 47.325 -118.996 -4.587
-47.668 123.119 -10.400 -47.668 123.119 -3.051 -47.980 135.338 -10.400
11.580 134.681 5.215 11.580 134.681 8.321 13.215 119.361 5.215
-44.641 146.165 -15.816 -44.641 146.165 -11.699 -44.011 142.329 -15.816
37.478 -120.455 13.447 37.478 -120.455 24.230 37.794 -106.721 13.447
-21.090 2.129 -7.946 -21.090 2.129 -4.638 -23.607 17.070 -7.946
33.386 -21.245 17.041 33.386 -21.245 25.000 33.952 -6.812 17.041
5.425 80.107 17.308 5.425 80.107 25.000 4.365 94.411 17.308
-45.588 136.269 -20.014 -45.588 136.269 -15.027 -45.349 122.537 -20.014
-9.160 41.708 8.270 -9.160 41.708 13.295 -10.920 52.986 8.270
8.602 88.978 -18.228 8.602 88.978 -13.405 9.880 101.743 -18.228
-22.600 32.781 8.555 -22.600 32.781 18.126 -21.026 45.411 8.555
22.930 112.325 6.752 22.930 112.325 17.838 24.035 125.511 6.752
49.890 -141.562 11.569 49.890 -141.562 17.806 49.781 -143.698 11.569
8.226 21.438 -1.440 8.226 21.438 2.777 7.325 38.181 -1.440
-33.248 -112.737 23.508 -33.248 -112.737 25.000 -33.053 -102.436 23.508
-19.405 -70.713 9.112 -19.405 -70.713 17.369 -19.040 -60.315 9.112
7.521 -63.077 -15.356 7.521 -63.077 -5.987 9.267 -52.002 -15.356
-48.933 43.965 21.072 -48.933 43.965 24.885 -47.866 49.553 21.072
5.370 3.282 10.317 5.370 3.282 18.373 6.449 21.432 10.317
40.756 -123.119 -9.732 40.756 -123.119 -6.121 43.488 -107.806 -9.732
-24.990 -49.921 -14.005 -24.990 -49.921 -8.374 -23.929 -35.110 -14.005
9.169 115.484 15.911 9.169 115.484 25.000 7.971 129.371 15.911
-0.444 -63.489 -21.859 -0.444 -63.489 -18.718 2.230 -46.527 -21.859
-48.794 -131.816 -16.409 -48.794 -131.816 -7.818 -47.589 -138.801 -16.409
-43.649 89.583 4.819 -43.649 89.583 11.460 -42.599 108.543 4.819
5.553 47.916 15.027 5.553 47.916 24.597 2.751 64.550 15.027
0.893 115.538 14.871 0.893 115.538 25.000 2.091 129.832 14.871
-49.051 -79.063 -3.155 -49.051 -79.063 3.890 -49.068 -64.921 -3.155
4.692 132.897 -15.893 4.692 132.897 -6.786 5.148 147.537 -15.893
-8.867 136.501 16.877 -8.867 136.501 25.000 -11.332 123.002 16.877
43.512 -19.845 -5.484 43.512 -19.845 2.470 46.278 -5.359 -5.484
-39.928 -138.226 16.691 -39.928 -138.226 25.000 -38.653 -126.452 16.691
-4.842 137.728 -13.136 -4.842 137.728 -4.878 -5.971 125.456 -13.136
13.399 32.177 18.073 13.399 32.177 25.000 15.992 45.462 18.073
-19.452 -140.249 1.348 -19.452 -140.249 8.293 -20.532 -130.497 1.348
13.976 -116.610 -15.536 13.976 -116.610 -6.072 13.883 -99.034 -15.536
-4.646 26.189 13.283 -4.646 26.189 25.000 -3.222 39.345 13.283
47.504 133.337 -7.843 47.504 133.337 1.323 46.315 148.543 -7.843
16.997 6.276 -15.878 16.997 6.276 -6.756 19.719 21.181 -15.878
19.324 141.909 -0.151 19.324 141.909 7.198 19.334 133.818 -0.151
4.518 14.049 -7.105 4.518 14.049 2.566 4.769 24.955 -7.105
-32.763 24.349 19.214 -32.763 24.349 25.000 -32.424 42.225 19.214
-23.818 103.398 21.504 -23.818 103.398 25.000 -24.967 118.911 21.504
42.160 139.466 -11.937 42.160 139.466 -9.033 41.019 128.932 -11.937
34.841 81.645 18.246 34.841 81.645 25.000 36.420 91.928 18.246
-20.037 48.410 -1.154 -20.037 48.410 8.316 -17.707 63.586 -1.154
19.313 131.820 11.334 19.313 131.820 15.652 16.897 113.640 11.334
3.667 -74.393 15.782 3.667 -74.393 20.706 2.337 -57.375 15.782
-23.644 137.072 -5.964 -23.644 137.072 1.789 -25.252 147.658 -5.964
9.719 -85.380 5.511 9.719 -85.380 10.132 11.888 -73.763 5.511
45.251 -144.940 13.466 45.251 -144.940 17.683 46.175 -139.880 13.466
-37.359 15.395 -3.081 -37.359 15.395 2.853 -37.492 29.637 -3.081
-7.586 133.601 11.991 -7.586 133.601 16.511 -4.892 117.202 11.991
-24.761 -137.759 -19.589 -24.761 -137.759 -15.675 -25.435 -126.871 -19.589
48.532 -144.323 -6.786 48.532 -144.323 3.997 48.961 -138.645 -6.786
49.954 14.121 12.780 49.954 14.121 16.492 49.909 15.215 12.780
-47.650 135.644 9.819 -47.650 135.644 21.409 -49.918 149.807 9.819
-33.706 8.473 17.722 -33.706 8.473 25.000 -31.489 20.903 17.722
-14.351 4.491 -22.713 -14.351 4.491 -20.426 -14.504 15.904 -22.713
44.592 -103.041 -10.873 44.592 -103.041 -8.171 46.218 -90.418 -10.873
-23.873 74.503 -22.543 -23.873 74.503 -20.085 -24.716 88.114 -22.543
13.253 26.959 11.925 13.253 26.959 21.698 12.353 46.635 11.925
19.652 -123.751 -10.461 19.652 -123.751 -7.456 16.518 -107.896 -10.461
-2.797 46.899 22.419 -2.797 46.899 25.000 -0.636 60.977 22.419
-3.475 63.105 -19.792 -3.475 63.105 -14.584 -5.411 78.845 -19.792
-29.925 40.912 -0.056 -29.925 40.912 11.232 -27.348 54.405 -0.056
-43.851 29.513 -5.035 -43.851 29.513 5.141 -42.427 45.713 -5.035
33.569 12.813 6.878 33.569 12.813 11.701 31.803 25.111 6.878
-10.167 -118.395 -3.188 -10.167 -118.395 7.393 -8.706 -102.502 -3.188
-34.164 -103.179 -16.190 -34.164 -103.179 -10.761 -35.976 -92.421 -16.190
-17.730 30.804 -0.683 -17.730 30.804 11.615 -19.620 47.261 -0.683
-24.404 46.185 -15.463 -24.404 46.185 -10.033 -22.316 65.466 -15.463
-48.324 31.373 21.410 -48.324 31.373 24.516 -46.648 20.027 21.410
-49.619 -58.380 -17.711 -49.619 -58.380 -10.421 -49.576 -43.431 -17.711
-16.073 62.665 -18.782 -16.073 62.665 -12.564 -18.197 81.841 -18.782
39.474 115.896 -16.881 39.474 115.896 -8.762 38.956 133.464 -16.881
-0.426 -139.378 -18.542 -0.426 -139.378 -15.436 1.469 -128.755 -18.542
-42.083 -87.632 4.786 -42.083 -87.632 14.862 -39.822 -69.490 4.786
-40.674 92.961 -1.466 -40.674 92.961 2.751 -41.894 110.393 -1.466
-29.500 -137.146 7.936 -29.500 -137.146 11.446 -29.048 -124.291 7.936
20.055 -48.685 -14.916 20.055 -48.685 -4.832 19.600 -30.812 -14.916
-27.178 40.884 21.535 -27.178 40.884 25.000 -27.421 52.195 21.535
16.970 95.982 6.496 16.970 95.982 12.936 15.657 106.303 6.496
2.934 104.936 -15.862 2.934 104.936 -10.533 2.388 118.056 -15.862
-11.925 -8.776 -17.155 -11.925 -8.776 -12.231 -11.201 9.695 -17.155
-48.808 142.235 6.315 -48.808 142.235 18.613 -50.000 134.471 6.315
4.546 -47.888 -9.697 4.546 -47.888 -4.470 2.339 -35.969 -9.697
-46.313 68.598 9.746 -46.313 68.598 19.013 -43.442 86.347 9.746
12.996 120.235 11.502 12.996 120.235 18.042 12.542 131.135 11.502
-21.255 -35.803 16.369 -21.255 -35.803 25.000 -21.468 -19.845 16.369
-1.964 75.767 -16.455 -1.964 75.767 -8.501 -3.675 92.447 -16.455
-36.782 30.227 20.201 -36.782 30.227 25.000 -35.938 42.724 20.201
48.428 104.579 -17.003 48.428 104.579 -9.006 48.163 119.830 -17.003
35.455 -51.926 -21.591 35.455 -51.926 -18.183 37.246 -40.858 -21.591
-41.495 138.172 -11.917 -41.495 138.172 -2.145 -41.242 126.345 -11.917
-48.712 -75.135 -7.281 -48.712 -75.135 4.714 -49.898 -63.580 -7.281
-27.096 80.052 20.838 -27.096 80.052 25.000 -26.511 91.451 20.838
-48.888 -146.838 -0.284 -48.888 -146.838 11.711 -48.558 -143.676 -0.284
20.547 149.163 -14.893 20.547 149.163 -4.786 20.643 148.326 -14.893
-1.624 -137.730 -18.646 -1.624 -137.730 -12.292 0.667 -125.460 -18.646
-19.561 -146.703 14.276 -19.561 -146.703 24.756 -19.392 -143.406 14.276
33.541 14.956 0.989 33.541 14.956 4.600 32.963 34.543 0.989
-6.212 57.584 -12.903 -6.212 57.584 -5.252 -7.271 70.470 -12.903
-8.180 97.960 -20.246 -8.180 97.960 -15.492 -10.038 114.726 -20.246
-37.945 13.115 -10.580 -37.945 13.115 -2.625 -35.646 25.428 -10.580
-20.517 133.631 -11.232 -20.517 133.631 -8.328 -18.166 117.261 -11.232
34.878 -130.013 0.952 34.878 -130.013 7.694 34.857 -112.640 0.952
-22.921 -96.614 -15.334 -22.921 -96.614 -5.668 -25.184 -79.898 -15.334
-44.766 -132.027 -0.606 -44.766 -132.027 5.531 -45.588 -114.054 -0.606
-16.018 -128.063 -7.863 -16.018 -128.063 0.294 -16.748 -116.268 -7.863
-26.556 85.133 -18.089 -26.556 85.133 -14.478 -23.836 98.495 -18.089
-25.979 127.349 -17.174 -25.979 127.349 -9.347 -23.348 141.757 -17.174
-31.133 31.298 1.073 -31.133 31.298 6.098 -30.116 42.363 1.073
23.022 44.510 12.178 23.022 44.510 15.486 24.860 60.871 12.178
-43.274 37.396 -5.505 -43.274 37.396 6.995 -42.603 56.475 -5.505
-32.608 46.158 -16.359 -32.608 46.158 -7.718 -34.557 61.489 -16.359
21.447 -46.844 5.341 21.447 -46.844 16.629 23.165 -32.096 5.341
46.606 90.461 22.979 46.606 90.461 25.000 48.142 101.670 22.979
-15.001 117.736 9.197 -15.001 117.736 21.192 -17.210 134.561 9.197
3.664 -140.315 -16.736 3.664 -140.315 -9.892 4.318 -130.629 -16.736
-21.612 89.940 -16.995 -21.612 89.940 -8.990 -21.263 105.087 -16.995
12.035 -113.671 15.301 12.035 -113.671 20.731 9.561 -99.337 15.301
32.434 -15.093 15.488 32.434 -15.093 19.099 32.771 -0.450 15.488
-21.943 -149.037 15.465 -21.943 -149.037 25.000 -22.097 -148.073 15.465
-43.433 141.390 19.619 -43.433 141.390 25.000 -43.701 132.780 19.619
40.847 -29.183 5.093 40.847 -29.183 14.663 40.726 -16.154 5.093
-27.746 31.353 6.047 -27.746 31.353 18.244 -27.176 45.887 6.047
-11.403 -83.045 5.188 -11.403 -83.045 13.344 -9.531 -66.383 5.188
-39.282 -85.380 -21.090 -39.282 -85.380 -18.287 -40.775 -73.249 -21.090
38.651 147.639 -4.818 38.651 147.639 5.359 38.644 145.277 -4.818
34.448 -60.468 14.821 34.448 -60.468 25.000 31.020 -43.127 14.821
21.868 -101.943 -9.821 21.868 -101.943 -1.058 22.226 -83.057 -9.821
27.673 116.747 20.713 27.673 116.747 25.000 27.417 135.937 20.713
46.799 132.925 -5.705 46.799 132.925 -0.377 47.201 145.848 -5.705
12.648 -68.873 15.228 12.648 -68.873 25.000 12.320 -49.987 15.228
-0.627 -31.381 4.832 -0.627 -31.381 16.726 -0.913 -14.918 4.832
28.954 0.645 -12.160 28.954 0.645 -6.024 30.827 11.393 -12.160
-11.312 -12.923 12.309 -11.312 -12.923 18.042 -8.215 3.659 12.309
-5.644 -64.780 8.522 -5.644 -64.780 19.304 -2.939 -49.256 8.522
-1.768 148.497 17.616 -1.768 148.497 25.000 -1.465 146.995 17.616
-6.441 113.121 -16.710 -6.441 113.121 -10.877 -6.453 123.323 -16.710
44.821 68.104 -18.694 44.821 68.104 -12.388 46.439 79.912 -18.694
24.706 -3.475 16.868 24.706 -3.475 20.681 21.278 13.867 16.868
16.311 112.133 -15.139 16.311 112.133 -5.278 15.493 125.340 -15.139
-11.238 -0.618 -9.293 -11.238 -0.618 -4.369 -13.761 15.550 -9.293
9.352 122.350 -3.223 9.352 122.350 5.439 9.896 139.817 -3.223
0.197 95.488 12.481 0.197 95.488 23.668 -1.649 106.445 12.481
-44.455 -51.157 12.835 -44.455 -51.157 23.820 -42.567 -39.183 12.835
-22.518 -123.092 11.057 -22.518 -123.092 21.031 -22.618 -104.203 11.057
20.174 27.975 20.849 20.174 27.975 25.000 21.975 45.255 20.849
3.374 47.037 -12.705 3.374 47.037 -2.427 0.674 65.834 -12.705
-7.485 129.217 5.644 -7.485 129.217 9.154 -9.107 148.948 5.644
25.206 -147.037 9.273 25.206 -147.037 15.510 25.538 -144.074 9.273
34.585 -66.071 -4.928 34.585 -66.071 1.309 34.984 -51.329 -4.928
0.630 146.557 -10.208 0.630 146.557 -5.890 1.068 143.114 -10.208
-11.486 -35.473 -8.965 -11.486 -35.473 -3.536 -12.303 -23.076 -8.965
33.715 -110.100 -14.386 33.715 -110.100 -10.977 34.518 -100.031 -14.386
-22.134 -132.018 15.590 -22.134 -132.018 18.191 -22.995 -118.106 15.590
19.543 -13.363 2.786 19.543 -13.363 14.377 20.531 4.489 2.786
-38.202 10.945 13.091 -38.202 10.945 19.227 -36.133 24.424 13.091
49.113 1.728 18.061 49.113 1.728 25.000 48.226 9.737 18.061
-25.997 128.228 18.979 -25.997 128.228 25.000 -26.640 138.612 18.979
29.009 -131.112 -13.505 29.009 -131.112 -5.247 26.725 -118.489 -13.505
-49.923 89.135 17.966 -49.923 89.135 23.597 -49.846 88.352 17.966
-29.778 20.916 -19.074 -29.778 20.916 -13.149 -31.716 35.230 -19.074
27.837 50.882 -1.815 27.837 50.882 9.170 29.789 61.101 -1.815
-25.484 133.309 -12.766 -25.484 133.309 -9.155 -26.253 143.685 -12.766
40.887 148.811 16.528 40.887 148.811 25.000 40.980 147.621 16.528
1.799 113.204 -15.410 1.799 113.204 -8.567 2.958 125.270 -15.410
6.478 -70.301 -4.337 6.478 -70.301 5.032 3.909 -52.914 -4.337
-49.828 24.183 19.378 -49.828 24.183 24.504 -49.656 25.333 19.378
16.018 -117.873 10.705 16.018 -117.873 16.942 14.889 -106.413 10.705
40.014 -70.521 -15.621 40.014 -70.521 -8.172 39.728 -54.058 -15.621
-5.674 140.538 -2.260 -5.674 140.538 2.866 -3.962 131.077 -2.260
32.681 -92.467 15.508 32.681 -92.467 25.000 33.158 -82.377 15.508
5.672 -21.026 9.201 5.672 -21.026 21.398 3.613 -10.827 9.201
4.935 137.581 -3.436 4.935 137.581 5.024 4.146 125.163 -3.436
19.566 141.243 -3.323 19.566 141.243 6.046 18.366 132.486 -3.323
33.807 87.330 3.665 33.807 87.330 10.811 32.852 97.893 3.665
20.687 50.717 19.510 20.687 50.717 25.000 24.354 68.732 19.510
-6.697 -85.655 2.259 -6.697 -85.655 12.840 -5.624 -67.606 2.259
8.647 -65.467 10.179 8.647 -65.467 18.234 10.059 -54.140 10.179
38.009 72.388 -19.474 38.009 72.388 -13.948 37.046 91.758 -19.474
-19.808 -103.069 5.702 -19.808 -103.069 18.000 -19.674 -83.574 5.702
-44.821 -44.620 21.005 -44.821 -44.620 25.000 -40.892 -25.318 21.005
17.050 -148.285 -19.820 17.050 -148.285 -14.639 17.256 -146.571 -19.820
48.996 -12.767 0.569 48.996 -12.767 8.523 47.993 -6.500 0.569
19.735 -79.832 -19.750 19.735 -79.832 -14.500 21.896 -66.470 -19.750
-39.103 -141.658 -11.789 -39.103 -141.658 -0.400 -39.721 -133.316 -11.789
18.508 -45.828 -6.317 18.508 -45.828 -1.090 19.901 -35.008 -6.317
-37.800 -134.603 3.771 -37.800 -134.603 9.605 -40.266 -119.206 3.771
0.719 -96.587 18.417 0.719 -96.587 23.644 -1.393 -78.833 18.417
20.504 73.789 11.525 20.504 73.789 23.015 21.475 90.124 11.525
-28.130 137.218 -3.578 -28.130 137.218 4.377 -29.618 124.437 -3.578
12.493 30.996 8.749 12.493 30.996 13.572 10.069 43.799 8.749
49.017 -121.473 -8.110 49.017 -121.473 -1.267 48.034 -105.595 -8.110
-21.841 67.747 7.945 -21.841 67.747 14.283 -22.951 84.579 7.945
41.031 78.266 8.325 41.031 78.266 17.795 39.638 96.091 8.325
32.131 134.051 -5.547 32.131 134.051 4.629 30.038 149.057 -5.547
-39.767 23.251 -12.246 -39.767 23.251 -4.696 -38.439 36.518 -12.246
44.342 139.925 -15.454 44.342 139.925 -5.908 43.086 129.849 -15.454
-38.072 -148.084 14.791 -38.072 -148.084 19.614 -37.997 -146.168 14.791
-24.899 50.388 19.299 -24.899 50.388 25.000 -23.519 66.085 19.299
19.094 -95.131 -9.665 19.094 -95.131 -2.922 19.882 -80.910 -9.665
-13.216 124.575 -0.296 -13.216 124.575 9.073 -11.457 141.453 -0.296
-41.443 -19.131 -4.390 -41.443 -19.131 0.534 -39.717 -3.773 -4.390
-9.975 70.658 -15.589 -9.975 70.658 -9.957 -10.399 90.451 -15.589
1.653 -27.865 21.626 1.653 -27.865 25.000 2.597 -10.820 21.626
-3.099 -48.685 -11.400 -3.099 -48.685 -3.042 -3.624 -33.037 -11.400
-9.920 133.902 1.743 -9.920 133.902 6.061 -10.486 117.803 1.743
21.282 -107.244 3.143 21.282 -107.244 7.057 23.340 -95.709 3.143
39.455 145.959 5.693 39.455 145.959 8.496 39.672 141.918 5.693
-29.403 6.935 17.758 -29.403 6.935 25.000 -26.224 22.884 17.758
5.718 -36.462 -10.417 5.718 -36.462 -7.614 3.499 -25.472 -10.417
23.360 26.327 22.524 23.360 26.327 25.000 25.085 45.948 22.524
-23.975 135.935 -17.422 -23.975 135.935 -9.845 -23.674 121.870 -17.422
25.884 143.293 14.282 25.884 143.293 22.843 25.377 136.586 14.282
23.754 -90.846 -12.959 23.754 -90.846 -6.823 24.945 -72.096 -12.959
-30.603 -142.866 15.902 -30.603 -142.866 23.957 -32.013 -135.733 15.902
2.696 2.953 -5.053 2.696 2.953 0.780 5.025 19.456 -5.053
-15.615 -2.184 -14.408 -15.615 -2.184 -6.857 -16.177 12.755 -14.408
1.845 58.875 18.249 1.845 58.875 25.000 -0.326 76.519 18.249
-24.001 -30.090 -0.682 -24.001 -30.090 2.121 -26.320 -11.853 -0.682
-9.883 -3.804 15.132 -9.883 -3.804 23.592 -10.724 10.717 15.132
-2.376 -47.394 -4.203 -2.376 -47.394 -0.592 -1.552 -31.354 -4.203
31.848 -140.314 8.281 31.848 -140.314 20.781 32.228 -130.629 8.281
48.963 -69.182 -15.688 48.963 -69.182 -6.375 47.927 -75.589 -15.688
-40.719 9.023 -14.285 -40.719 9.023 -11.381 -39.128 24.294 -14.285
0.435 8.666 12.162 0.435 8.666 18.803 0.991 26.536 12.162
8.263 -68.818 17.937 8.263 -68.818 25.000 7.186 -56.339 17.937
-0.270 46.652 23.242 -0.270 46.652 25.000 -1.738 59.904 23.242
-46.350 -48.520 1.699 -46.350 -48.520 11.371 -46.534 -28.723 1.699
-15.020 -16.219 18.022 -15.020 -16.219 25.000 -16.905 -0.371 18.022
0.023 -80.903 -22.983 0.023 -80.903 -20.966 0.962 -69.122 -22.983
-11.962 -63.627 17.143 -11.962 -63.627 25.000 -11.206 -51.731 17.143
46.240 77.003 -14.334 46.240 77.003 -6.076 45.853 87.299 -14.334
-35.283 -148.586 19.433 -35.283 -148.586 25.000 -35.486 -147.172 19.433
39.190 -131.002 -4.180 39.190 -131.002 2.158 38.864 -115.753 -4.180
-3.456 103.151 -6.604 -3.456 103.151 -0.670 -4.156 116.163 -6.604
-19.710 -138.815 -2.645 -19.710 -138.815 1.269 -21.734 -127.630 -2.645
-11.769 77.827 -19.982 -11.769 77.827 -14.965 -12.251 92.162 -19.982
6.139 -20.421 -0.628 6.139 -20.421 3.084 4.376 -2.528 -0.628
-7.778 -126.965 13.648 -7.778 -126.965 20.693 -7.107 -114.862 13.648
30.483 -44.894 8.617 30.483 -44.894 17.683 28.066 -32.399 8.617
-39.145 49.234 -3.575 -39.145 49.234 5.288 -38.801 67.312 -3.575
-16.296 -148.032 -2.268 -16.296 -148.032 2.050 -16.099 -146.064 -2.268
-11.229 -43.081 12.796 -11.229 -43.081 23.276 -10.770 -31.373 12.796
47.595 -105.101 16.612 47.595 -105.101 20.122 49.644 -92.438 16.612
3.117 98.729 -14.148 3.117 98.729 -4.880 4.707 112.374 -14.148
15.871 -31.985 11.310 15.871 -31.985 13.911 16.773 -12.915 11.310
12.804 -115.181 -14.890 12.804 -115.181 -6.834 12.521 -104.074 -14.890
-33.999 -120.840 -14.714 -33.999 -120.840 -9.891 -32.860 -107.251 -14.714
-5.187 -16.686 18.144 -5.187 -16.686 25.000 -5.963 -5.602 18.144
-33.642 43.164 -7.337 -33.642 43.164 -4.332 -36.307 62.272 -7.337
-37.194 -131.524 12.204 -37.194 -131.524 23.593 -34.078 -113.201 12.204
-14.113 98.509 -16.989 -14.113 98.509 -12.873 -10.688 115.336 -16.989
16.952 104.030 7.332 16.952 104.030 15.792 13.750 121.722 7.332
45.819 7.677 19.695 45.819 7.677 24.316 46.906 18.532 19.695
17.016 45.004 -19.478 17.016 45.004 -13.955 15.055 55.838 -19.478
-39.117 119.823 -12.461 -39.117 119.823 -3.597 -36.084 138.569 -12.461
-4.610 71.647 -18.770 -4.610 71.647 -12.540 -5.543 90.411 -18.770
1.651 149.008 11.235 1.651 149.008 17.068 1.737 148.017 11.235
47.339 27.288 21.343 47.339 27.288 25.000 46.237 38.953 21.343
-4.720 -65.467 -2.186 -4.720 -65.467 3.243 -6.096 -51.494 -2.186
38.156 93.703 -14.906 38.156 93.703 -7.053 40.823 108.310 -14.906
-41.964 -60.276 -7.210 -41.964 -60.276 -4.609 -42.567 -48.169 -7.210
20.174 -94.939 10.026 20.174 -94.939 20.404 20.154 -78.070 10.026
-26.409 -9.709 -6.221 -26.409 -9.709 -1.600 -27.364 0.854 -6.221
27.407 -55.029 -16.393 27.407 -55.029 -7.786 23.875 -36.371 -16.393
-31.527 -47.119 -13.890 -31.527 -47.119 -4.623 -28.344 -30.451 -13.890
-42.477 -20.724 -18.952 -42.477 -20.724 -12.904 -42.741 -5.574 -18.952
-12.374 -9.984 -12.291 -12.374 -9.984 -9.690 -12.830 5.464 -12.291
13.308 -91.752 -4.879 13.308 -91.752 5.096 13.220 -75.086 -4.879
-7.356 85.408 9.854 -7.356 85.408 20.233 -8.116 99.529 9.854
-9.462 -92.302 -11.660 -9.462 -92.302 -3.402 -10.583 -80.435 -11.660
36.169 25.365 -10.418 36.169 25.365 1.880 38.056 40.501 -10.418
-42.724 30.831 10.730 -42.724 30.831 23.028 -42.546 47.194 10.730
-45.865 -119.054 -10.124 -45.865 -119.054 -1.462 -47.466 -104.597 -10.124
-40.098 142.935 20.701 -40.098 142.935 25.000 -39.200 135.871 20.701
37.277 118.065 13.822 37.277 118.065 23.392 37.210 130.793 13.822
3.502 -116.582 -16.392 3.502 -116.582 -7.784 1.213 -101.911 -16.392
39.492 93.648 -10.493 39.492 93.648 -4.659 39.189 105.563 -10.493
-17.528 124.602 -23.242 -17.528 124.602 -21.484 -14.833 140.845 -23.242
-49.474 -112.923 21.763 -49.474 -112.923 25.000 -48.949 -109.405 21.763
-44.327 -80.464 5.435 -44.327 -80.464 14.198 -45.966 -65.096 5.435
28.304 43.081 13.094 28.304 43.081 17.614 30.143 59.443 13.094
49.659 -45.695 -13.557 49.659 -45.695 -9.744 49.318 -42.925 -13.557
-18.444 33.303 -17.084 -18.444 33.303 -9.168 -20.626 45.945 -17.084
21.886 -106.008 -12.973 21.886 -106.008 -3.907 21.317 -90.867 -12.973
-36.361 126.031 -8.850 -36.361 126.031 1.124 -35.510 145.709 -8.850
35.446 3.804 -21.045 35.446 3.804 -17.091 33.566 20.771 -21.045
-48.776 13.994 3.898 -48.776 13.994 8.520 -47.614 24.333 3.898
-14.864 -45.608 -5.662 -14.864 -45.608 -2.960 -13.931 -28.766 -5.662
-0.984 -101.283 -18.331 -0.984 -101.283 -11.661 -0.213 -87.365 -18.331
-49.054 9.715 17.397 -49.054 9.715 21.513 -48.109 22.208 17.397
-35.011 -149.266 20.152 -35.011 -149.266 25.000 -35.065 -148.532 20.152
33.093 -53.107 -3.385 33.093 -53.107 -0.582 32.463 -36.351 -3.385
-19.515 -12.621 -0.109 -19.515 -12.621 9.462 -19.364 -2.521 -0.109
1.607 132.595 -17.904 1.607 132.595 -10.809 2.138 149.658 -17.904
-19.131 8.995 18.358 -19.131 8.995 25.000 -17.502 26.698 18.358
1.497 -105.898 -9.936 1.497 -105.898 -1.678 2.396 -94.013 -9.936
5.516 -147.725 -12.565 5.516 -147.725 -8.247 5.578 -145.451 -12.565
-29.247 74.064 17.855 -29.247 74.064 25.000 -30.341 89.682 17.855
-24.853 -33.798 -19.066 -24.853 -33.798 -13.131 -24.547 -22.489 -19.066
26.437 50.580 12.431 26.437 50.580 16.648 27.444 65.495 12.431
14.915 139.257 -0.831 14.915 139.257 3.488 14.450 128.515 -0.831
30.969 -97.465 -12.711 30.969 -97.465 -7.282 29.501 -85.128 -12.711
21.597 -143.249 -2.094 21.597 -143.249 7.578 21.588 -136.498 -2.094
-16.514 146.335 -14.298 -16.514 146.335 -3.596 -15.851 142.670 -14.298
19.881 -92.384 -10.405 19.881 -92.384 -6.390 17.621 -77.504 -10.405
-14.232 84.227 -20.477 -14.232 84.227 -15.953 -13.267 100.460 -20.477
-2.486 -35.116 7.996 -2.486 -35.116 14.537 -1.036 -23.489 7.996
32.241 -50.525 -14.984 32.241 -50.525 -4.968 28.922 -33.368 -14.984
-26.995 -52.750 6.438 -26.995 -52.750 10.150 -24.208 -33.557 6.438
-15.862 -47.449 1.252 -15.862 -47.449 4.762 -16.673 -35.861 1.252
1.762 117.296 16.131 1.762 117.296 25.000 2.762 128.667 16.131
8.400 -94.884 12.908 8.400 -94.884 16.317 9.093 -82.377 12.908
-23.269 -34.704 -20.474 -23.269 -34.704 -15.949 -21.617 -24.227 -20.474
23.608 17.510 -22.187 23.608 17.510 -19.373 21.189 29.491 -22.187
