273	1.00E+06	20.851	1.38E-05	0
273	2.00E+06	45.651	1.39E-05	0
273	3.00E+06	77.447	1.43E-05	0
273	3.47E+06	97.183	1.45E-05	0
273	3.47E+06	928.33	1.01E-04	1
273	4.00E+06	933.1	1.02E-04	1
273	5.00E+06	941.45	1.05E-04	1
273	6.00E+06	949.08	1.07E-04	1
273	7.00E+06	956.15	1.09E-04	1
273	8.00E+06	962.75	1.11E-04	1
273	9.00E+06	968.94	1.13E-04	1
273	1.00E+07	974.8	1.15E-04	1
273	1.10E+07	980.35	1.17E-04	1
273	1.20E+07	985.64	1.19E-04	1
273	1.30E+07	990.69	1.21E-04	1
273	1.40E+07	995.53	1.23E-04	1
273	1.50E+07	1000.2	1.24E-04	1
273	1.60E+07	1004.7	1.26E-04	1
273	1.70E+07	1009	1.28E-04	1
273	1.80E+07	1013.1	1.29E-04	1
273	1.90E+07	1017.2	1.31E-04	1
273	2.00E+07	1021.1	1.33E-04	1
273	2.10E+07	1024.9	1.34E-04	1
273	2.20E+07	1028.6	1.36E-04	1
273	2.30E+07	1032.1	1.37E-04	1
273	2.40E+07	1035.6	1.39E-04	1
273	2.50E+07	1039	1.40E-04	1
273	2.60E+07	1042.3	1.42E-04	1
273	2.70E+07	1045.6	1.43E-04	1
273	2.80E+07	1048.7	1.45E-04	1
273	2.90E+07	1051.8	1.46E-04	1
273	3.00E+07	1054.8	1.48E-04	1
273	3.10E+07	1057.8	1.49E-04	1
273	3.20E+07	1060.7	1.50E-04	1
273	3.30E+07	1063.5	1.52E-04	1
273	3.40E+07	1066.3	1.53E-04	1
273	3.50E+07	1069	1.54E-04	1
273	3.60E+07	1071.7	1.56E-04	1
273	3.70E+07	1074.3	1.57E-04	1
273	3.80E+07	1076.9	1.59E-04	1
273	3.90E+07	1079.4	1.60E-04	1
273	4.00E+07	1081.9	1.61E-04	1
273	4.10E+07	1084.4	1.63E-04	1
273	4.20E+07	1086.8	1.64E-04	1
273	4.30E+07	1089.1	1.65E-04	1
273	4.40E+07	1091.5	1.66E-04	1
273	4.50E+07	1093.8	1.68E-04	1
273	4.60E+07	1096	1.69E-04	1
273	4.70E+07	1098.3	1.70E-04	1
273	4.80E+07	1100.5	1.71E-04	1
273	4.90E+07	1102.6	1.73E-04	1
273	5.00E+07	1104.8	1.74E-04	1
274	1.00E+06	20.755	1.38E-05	0
274	2.00E+06	45.368	1.40E-05	0
274	3.00E+06	76.716	1.43E-05	0
274	3.56E+06	100.32	1.47E-05	0
274	3.56E+06	922.3	9.89E-05	1
274	4.00E+06	926.43	1.00E-04	1
274	5.00E+06	935.19	1.03E-04	1
274	6.00E+06	943.17	1.05E-04	1
274	7.00E+06	950.51	1.07E-04	1
274	8.00E+06	957.35	1.09E-04	1
274	9.00E+06	963.75	1.11E-04	1
274	1.00E+07	969.79	1.13E-04	1
274	1.10E+07	975.5	1.15E-04	1
274	1.20E+07	980.93	1.17E-04	1
274	1.30E+07	986.12	1.19E-04	1
274	1.40E+07	991.08	1.21E-04	1
274	1.50E+07	995.84	1.23E-04	1
274	1.60E+07	1000.4	1.24E-04	1
274	1.70E+07	1004.8	1.26E-04	1
274	1.80E+07	1009.1	1.28E-04	1
274	1.90E+07	1013.2	1.29E-04	1
274	2.00E+07	1017.2	1.31E-04	1
274	2.10E+07	1021	1.32E-04	1
274	2.20E+07	1024.8	1.34E-04	1
274	2.30E+07	1028.4	1.36E-04	1
274	2.40E+07	1032	1.37E-04	1
274	2.50E+07	1035.4	1.39E-04	1
274	2.60E+07	1038.8	1.40E-04	1
274	2.70E+07	1042.1	1.42E-04	1
274	2.80E+07	1045.3	1.43E-04	1
274	2.90E+07	1048.4	1.44E-04	1
274	3.00E+07	1051.5	1.46E-04	1
274	3.10E+07	1054.5	1.47E-04	1
274	3.20E+07	1057.4	1.49E-04	1
274	3.30E+07	1060.3	1.50E-04	1
274	3.40E+07	1063.1	1.51E-04	1
274	3.50E+07	1065.8	1.53E-04	1
274	3.60E+07	1068.6	1.54E-04	1
274	3.70E+07	1071.2	1.55E-04	1
274	3.80E+07	1073.8	1.57E-04	1
274	3.90E+07	1076.4	1.58E-04	1
274	4.00E+07	1078.9	1.59E-04	1
274	4.10E+07	1081.4	1.61E-04	1
274	4.20E+07	1083.8	1.62E-04	1
274	4.30E+07	1086.2	1.63E-04	1
274	4.40E+07	1088.6	1.65E-04	1
274	4.50E+07	1090.9	1.66E-04	1
274	4.60E+07	1093.2	1.67E-04	1
274	4.70E+07	1095.4	1.68E-04	1
274	4.80E+07	1097.7	1.70E-04	1
274	4.90E+07	1099.8	1.71E-04	1
274	5.00E+07	1102	1.72E-04	1
275	1.00E+06	20.66	1.39E-05	0
275	2.00E+06	45.09	1.40E-05	0
275	3.00E+06	76.011	1.44E-05	0
275	3.66E+06	103.58	1.48E-05	0
275	3.66E+06	916.16	9.72E-05	1
275	4.00E+06	919.56	9.81E-05	1
275	5.00E+06	928.78	1.01E-04	1
275	6.00E+06	937.12	1.03E-04	1
275	7.00E+06	944.77	1.05E-04	1
275	8.00E+06	951.86	1.08E-04	1
275	9.00E+06	958.48	1.10E-04	1
275	1.00E+07	964.71	1.12E-04	1
275	1.10E+07	970.59	1.14E-04	1
275	1.20E+07	976.18	1.16E-04	1
275	1.30E+07	981.5	1.17E-04	1
275	1.40E+07	986.58	1.19E-04	1
275	1.50E+07	991.45	1.21E-04	1
275	1.60E+07	996.13	1.23E-04	1
275	1.70E+07	1000.6	1.24E-04	1
275	1.80E+07	1005	1.26E-04	1
275	1.90E+07	1009.2	1.28E-04	1
275	2.00E+07	1013.2	1.29E-04	1
275	2.10E+07	1017.2	1.31E-04	1
275	2.20E+07	1021	1.32E-04	1
275	2.30E+07	1024.7	1.34E-04	1
275	2.40E+07	1028.3	1.35E-04	1
275	2.50E+07	1031.8	1.37E-04	1
275	2.60E+07	1035.2	1.38E-04	1
275	2.70E+07	1038.6	1.40E-04	1
275	2.80E+07	1041.8	1.41E-04	1
275	2.90E+07	1045	1.43E-04	1
275	3.00E+07	1048.1	1.44E-04	1
275	3.10E+07	1051.1	1.46E-04	1
275	3.20E+07	1054.1	1.47E-04	1
275	3.30E+07	1057	1.48E-04	1
275	3.40E+07	1059.9	1.50E-04	1
275	3.50E+07	1062.7	1.51E-04	1
275	3.60E+07	1065.4	1.52E-04	1
275	3.70E+07	1068.1	1.54E-04	1
275	3.80E+07	1070.7	1.55E-04	1
275	3.90E+07	1073.3	1.56E-04	1
275	4.00E+07	1075.9	1.58E-04	1
275	4.10E+07	1078.4	1.59E-04	1
275	4.20E+07	1080.9	1.60E-04	1
275	4.30E+07	1083.3	1.62E-04	1
275	4.40E+07	1085.7	1.63E-04	1
275	4.50E+07	1088	1.64E-04	1
275	4.60E+07	1090.3	1.65E-04	1
275	4.70E+07	1092.6	1.67E-04	1
275	4.80E+07	1094.8	1.68E-04	1
275	4.90E+07	1097	1.69E-04	1
275	5.00E+07	1099.2	1.70E-04	1
276	1.00E+06	20.566	1.39E-05	0
276	2.00E+06	44.817	1.41E-05	0
276	3.00E+06	75.329	1.44E-05	0
276	3.76E+06	106.95	1.49E-05	0
276	3.76E+06	909.9	9.55E-05	1
276	4.00E+06	912.47	9.62E-05	1
276	5.00E+06	922.21	9.88E-05	1
276	6.00E+06	930.95	1.01E-04	1
276	7.00E+06	938.92	1.04E-04	1
276	8.00E+06	946.28	1.06E-04	1
276	9.00E+06	953.14	1.08E-04	1
276	1.00E+07	959.56	1.10E-04	1
276	1.10E+07	965.62	1.12E-04	1
276	1.20E+07	971.37	1.14E-04	1
276	1.30E+07	976.83	1.16E-04	1
276	1.40E+07	982.04	1.18E-04	1
276	1.50E+07	987.03	1.19E-04	1
276	1.60E+07	991.81	1.21E-04	1
276	1.70E+07	996.41	1.23E-04	1
276	1.80E+07	1000.8	1.24E-04	1
276	1.90E+07	1005.1	1.26E-04	1
276	2.00E+07	1009.3	1.28E-04	1
276	2.10E+07	1013.3	1.29E-04	1
276	2.20E+07	1017.2	1.31E-04	1
276	2.30E+07	1020.9	1.32E-04	1
276	2.40E+07	1024.6	1.34E-04	1
276	2.50E+07	1028.2	1.35E-04	1
276	2.60E+07	1031.6	1.37E-04	1
276	2.70E+07	1035	1.38E-04	1
276	2.80E+07	1038.3	1.40E-04	1
276	2.90E+07	1041.6	1.41E-04	1
276	3.00E+07	1044.7	1.42E-04	1
276	3.10E+07	1047.8	1.44E-04	1
276	3.20E+07	1050.8	1.45E-04	1
276	3.30E+07	1053.8	1.47E-04	1
276	3.40E+07	1056.6	1.48E-04	1
276	3.50E+07	1059.5	1.49E-04	1
276	3.60E+07	1062.3	1.51E-04	1
276	3.70E+07	1065	1.52E-04	1
276	3.80E+07	1067.6	1.53E-04	1
276	3.90E+07	1070.3	1.55E-04	1
276	4.00E+07	1072.9	1.56E-04	1
276	4.10E+07	1075.4	1.57E-04	1
276	4.20E+07	1077.9	1.59E-04	1
276	4.30E+07	1080.3	1.60E-04	1
276	4.40E+07	1082.7	1.61E-04	1
276	4.50E+07	1085.1	1.62E-04	1
276	4.60E+07	1087.4	1.64E-04	1
276	4.70E+07	1089.8	1.65E-04	1
276	4.80E+07	1092	1.66E-04	1
276	4.90E+07	1094.2	1.67E-04	1
276	5.00E+07	1096.4	1.69E-04	1
277	1.00E+06	20.472	1.40E-05	0
277	2.00E+06	44.549	1.41E-05	0
277	3.00E+06	74.669	1.45E-05	0
277	3.85E+06	110.44	1.50E-05	0
277	3.85E+06	903.52	9.38E-05	1
277	4.00E+06	905.15	9.42E-05	1
277	5.00E+06	915.45	9.70E-05	1
277	6.00E+06	924.62	9.95E-05	1
277	7.00E+06	932.95	1.02E-04	1
277	8.00E+06	940.6	1.04E-04	1
277	9.00E+06	947.7	1.06E-04	1
277	1.00E+07	954.35	1.08E-04	1
277	1.10E+07	960.59	1.10E-04	1
277	1.20E+07	966.5	1.12E-04	1
277	1.30E+07	972.11	1.14E-04	1
277	1.40E+07	977.46	1.16E-04	1
277	1.50E+07	982.56	1.18E-04	1
277	1.60E+07	987.46	1.19E-04	1
277	1.70E+07	992.16	1.21E-04	1
277	1.80E+07	996.69	1.23E-04	1
277	1.90E+07	1001.1	1.24E-04	1
277	2.00E+07	1005.3	1.26E-04	1
277	2.10E+07	1009.4	1.28E-04	1
277	2.20E+07	1013.3	1.29E-04	1
277	2.30E+07	1017.2	1.31E-04	1
277	2.40E+07	1020.9	1.32E-04	1
277	2.50E+07	1024.5	1.34E-04	1
277	2.60E+07	1028	1.35E-04	1
277	2.70E+07	1031.5	1.37E-04	1
277	2.80E+07	1034.8	1.38E-04	1
277	2.90E+07	1038.1	1.39E-04	1
277	3.00E+07	1041.3	1.41E-04	1
277	3.10E+07	1044.4	1.42E-04	1
277	3.20E+07	1047.5	1.44E-04	1
277	3.30E+07	1050.5	1.45E-04	1
277	3.40E+07	1053.4	1.46E-04	1
277	3.50E+07	1056.3	1.48E-04	1
277	3.60E+07	1059.1	1.49E-04	1
277	3.70E+07	1061.8	1.50E-04	1
277	3.80E+07	1064.6	1.52E-04	1
277	3.90E+07	1067.2	1.53E-04	1
277	4.00E+07	1069.8	1.54E-04	1
277	4.10E+07	1072.4	1.56E-04	1
277	4.20E+07	1074.9	1.57E-04	1
277	4.30E+07	1077.4	1.58E-04	1
277	4.40E+07	1079.8	1.59E-04	1
277	4.50E+07	1082.2	1.61E-04	1
277	4.60E+07	1084.6	1.62E-04	1
277	4.70E+07	1086.9	1.63E-04	1
277	4.80E+07	1089.2	1.64E-04	1
277	4.90E+07	1091.4	1.66E-04	1
277	5.00E+07	1093.7	1.67E-04	1
278	1.00E+06	20.38	1.40E-05	0
278	2.00E+06	44.285	1.42E-05	0
278	3.00E+06	74.029	1.45E-05	0
278	3.95E+06	114.07	1.51E-05	0
278	3.95E+06	897.02	9.21E-05	1
278	4.00E+06	897.56	9.22E-05	1
278	5.00E+06	908.49	9.51E-05	1
278	6.00E+06	918.15	9.77E-05	1
278	7.00E+06	926.85	1.00E-04	1
278	8.00E+06	934.82	1.02E-04	1
278	9.00E+06	942.18	1.05E-04	1
278	1.00E+07	949.05	1.07E-04	1
278	1.10E+07	955.5	1.09E-04	1
278	1.20E+07	961.58	1.11E-04	1
278	1.30E+07	967.34	1.12E-04	1
278	1.40E+07	972.83	1.14E-04	1
278	1.50E+07	978.06	1.16E-04	1
278	1.60E+07	983.07	1.18E-04	1
278	1.70E+07	987.88	1.19E-04	1
278	1.80E+07	992.51	1.21E-04	1
278	1.90E+07	996.96	1.23E-04	1
278	2.00E+07	1001.3	1.24E-04	1
278	2.10E+07	1005.4	1.26E-04	1
278	2.20E+07	1009.5	1.27E-04	1
278	2.30E+07	1013.4	1.29E-04	1
278	2.40E+07	1017.2	1.31E-04	1
278	2.50E+07	1020.8	1.32E-04	1
278	2.60E+07	1024.4	1.33E-04	1
278	2.70E+07	1027.9	1.35E-04	1
278	2.80E+07	1031.3	1.36E-04	1
278	2.90E+07	1034.7	1.38E-04	1
278	3.00E+07	1037.9	1.39E-04	1
278	3.10E+07	1041.1	1.41E-04	1
278	3.20E+07	1044.2	1.42E-04	1
278	3.30E+07	1047.2	1.43E-04	1
278	3.40E+07	1050.2	1.45E-04	1
278	3.50E+07	1053.1	1.46E-04	1
278	3.60E+07	1055.9	1.47E-04	1
278	3.70E+07	1058.7	1.49E-04	1
278	3.80E+07	1061.5	1.50E-04	1
278	3.90E+07	1064.1	1.51E-04	1
278	4.00E+07	1066.8	1.53E-04	1
278	4.10E+07	1069.4	1.54E-04	1
278	4.20E+07	1071.9	1.55E-04	1
278	4.30E+07	1074.4	1.56E-04	1
278	4.40E+07	1076.9	1.58E-04	1
278	4.50E+07	1079.3	1.59E-04	1
278	4.60E+07	1081.7	1.60E-04	1
278	4.70E+07	1084.1	1.62E-04	1
278	4.80E+07	1086.4	1.63E-04	1
278	4.90E+07	1088.6	1.64E-04	1
278	5.00E+07	1090.9	1.65E-04	1
279	1.00E+06	20.289	1.41E-05	0
279	2.00E+06	44.026	1.42E-05	0
279	3.00E+06	73.408	1.46E-05	0
279	4.00E+06	114.76	1.52E-05	0
279	4.06E+06	117.83	1.52E-05	0
279	4.06E+06	890.37	9.04E-05	1
279	5.00E+06	901.32	9.32E-05	1
279	6.00E+06	911.5	9.58E-05	1
279	7.00E+06	920.63	9.83E-05	1
279	8.00E+06	928.93	1.01E-04	1
279	9.00E+06	936.57	1.03E-04	1
279	1.00E+07	943.68	1.05E-04	1
279	1.10E+07	950.33	1.07E-04	1
279	1.20E+07	956.6	1.09E-04	1
279	1.30E+07	962.52	1.11E-04	1
279	1.40E+07	968.15	1.13E-04	1
279	1.50E+07	973.52	1.14E-04	1
279	1.60E+07	978.65	1.16E-04	1
279	1.70E+07	983.56	1.18E-04	1
279	1.80E+07	988.29	1.20E-04	1
279	1.90E+07	992.84	1.21E-04	1
279	2.00E+07	997.23	1.23E-04	1
279	2.10E+07	1001.5	1.24E-04	1
279	2.20E+07	1005.6	1.26E-04	1
279	2.30E+07	1009.6	1.27E-04	1
279	2.40E+07	1013.4	1.29E-04	1
279	2.50E+07	1017.2	1.30E-04	1
279	2.60E+07	1020.8	1.32E-04	1
279	2.70E+07	1024.4	1.33E-04	1
279	2.80E+07	1027.8	1.35E-04	1
279	2.90E+07	1031.2	1.36E-04	1
279	3.00E+07	1034.5	1.38E-04	1
279	3.10E+07	1037.7	1.39E-04	1
279	3.20E+07	1040.8	1.40E-04	1
279	3.30E+07	1043.9	1.42E-04	1
279	3.40E+07	1046.9	1.43E-04	1
279	3.50E+07	1049.9	1.44E-04	1
279	3.60E+07	1052.7	1.46E-04	1
279	3.70E+07	1055.6	1.47E-04	1
279	3.80E+07	1058.3	1.48E-04	1
279	3.90E+07	1061.1	1.50E-04	1
279	4.00E+07	1063.7	1.51E-04	1
279	4.10E+07	1066.4	1.52E-04	1
279	4.20E+07	1068.9	1.54E-04	1
279	4.30E+07	1071.5	1.55E-04	1
279	4.40E+07	1074	1.56E-04	1
279	4.50E+07	1076.4	1.57E-04	1
279	4.60E+07	1078.8	1.59E-04	1
279	4.70E+07	1081.2	1.60E-04	1
279	4.80E+07	1083.5	1.61E-04	1
279	4.90E+07	1085.8	1.62E-04	1
279	5.00E+07	1088.1	1.64E-04	1
280	1.00E+06	20.199	1.41E-05	0
280	2.00E+06	43.772	1.43E-05	0
280	3.00E+06	72.805	1.46E-05	0
280	4.00E+06	113.08	1.52E-05	0
280	4.16E+06	121.74	1.54E-05	0
280	4.16E+06	883.58	8.88E-05	1
280	5.00E+06	893.9	9.13E-05	1
280	6.00E+06	904.68	9.40E-05	1
280	7.00E+06	914.25	9.66E-05	1
280	8.00E+06	922.92	9.89E-05	1
280	9.00E+06	930.86	1.01E-04	1
280	1.00E+07	938.22	1.03E-04	1
280	1.10E+07	945.1	1.05E-04	1
280	1.20E+07	951.55	1.07E-04	1
280	1.30E+07	957.65	1.09E-04	1
280	1.40E+07	963.43	1.11E-04	1
280	1.50E+07	968.93	1.13E-04	1
280	1.60E+07	974.18	1.15E-04	1
280	1.70E+07	979.21	1.16E-04	1
280	1.80E+07	984.04	1.18E-04	1
280	1.90E+07	988.69	1.20E-04	1
280	2.00E+07	993.16	1.21E-04	1
280	2.10E+07	997.49	1.23E-04	1
280	2.20E+07	1001.7	1.24E-04	1
280	2.30E+07	1005.7	1.26E-04	1
280	2.40E+07	1009.6	1.27E-04	1
280	2.50E+07	1013.5	1.29E-04	1
280	2.60E+07	1017.2	1.30E-04	1
280	2.70E+07	1020.8	1.32E-04	1
280	2.80E+07	1024.3	1.33E-04	1
280	2.90E+07	1027.7	1.35E-04	1
280	3.00E+07	1031	1.36E-04	1
280	3.10E+07	1034.3	1.37E-04	1
280	3.20E+07	1037.5	1.39E-04	1
280	3.30E+07	1040.6	1.40E-04	1
280	3.40E+07	1043.6	1.42E-04	1
280	3.50E+07	1046.6	1.43E-04	1
280	3.60E+07	1049.6	1.44E-04	1
280	3.70E+07	1052.4	1.46E-04	1
280	3.80E+07	1055.2	1.47E-04	1
280	3.90E+07	1058	1.48E-04	1
280	4.00E+07	1060.7	1.49E-04	1
280	4.10E+07	1063.3	1.51E-04	1
280	4.20E+07	1065.9	1.52E-04	1
280	4.30E+07	1068.5	1.53E-04	1
280	4.40E+07	1071	1.54E-04	1
280	4.50E+07	1073.5	1.56E-04	1
280	4.60E+07	1075.9	1.57E-04	1
280	4.70E+07	1078.3	1.58E-04	1
280	4.80E+07	1080.7	1.59E-04	1
280	4.90E+07	1083	1.61E-04	1
280	5.00E+07	1085.3	1.62E-04	1
281	1.00E+06	20.11	1.42E-05	0
281	2.00E+06	43.522	1.43E-05	0
281	3.00E+06	72.219	1.46E-05	0
281	4.00E+06	111.5	1.52E-05	0
281	4.27E+06	125.81	1.55E-05	0
281	4.27E+06	876.64	8.71E-05	1
281	5.00E+06	886.22	8.94E-05	1
281	6.00E+06	897.65	9.22E-05	1
281	7.00E+06	907.72	9.48E-05	1
281	8.00E+06	916.78	9.72E-05	1
281	9.00E+06	925.05	9.95E-05	1
281	1.00E+07	932.68	1.02E-04	1
281	1.10E+07	939.79	1.04E-04	1
281	1.20E+07	946.44	1.06E-04	1
281	1.30E+07	952.71	1.08E-04	1
281	1.40E+07	958.65	1.09E-04	1
281	1.50E+07	964.3	1.11E-04	1
281	1.60E+07	969.68	1.13E-04	1
281	1.70E+07	974.82	1.15E-04	1
281	1.80E+07	979.76	1.16E-04	1
281	1.90E+07	984.5	1.18E-04	1
281	2.00E+07	989.07	1.20E-04	1
281	2.10E+07	993.48	1.21E-04	1
281	2.20E+07	997.74	1.23E-04	1
281	2.30E+07	1001.9	1.24E-04	1
281	2.40E+07	1005.9	1.26E-04	1
281	2.50E+07	1009.7	1.27E-04	1
281	2.60E+07	1013.5	1.29E-04	1
281	2.70E+07	1017.2	1.30E-04	1
281	2.80E+07	1020.7	1.32E-04	1
281	2.90E+07	1024.2	1.33E-04	1
281	3.00E+07	1027.6	1.35E-04	1
281	3.10E+07	1030.9	1.36E-04	1
281	3.20E+07	1034.1	1.37E-04	1
281	3.30E+07	1037.3	1.39E-04	1
281	3.40E+07	1040.4	1.40E-04	1
281	3.50E+07	1043.4	1.41E-04	1
281	3.60E+07	1046.4	1.43E-04	1
281	3.70E+07	1049.3	1.44E-04	1
281	3.80E+07	1052.1	1.45E-04	1
281	3.90E+07	1054.9	1.47E-04	1
281	4.00E+07	1057.6	1.48E-04	1
281	4.10E+07	1060.3	1.49E-04	1
281	4.20E+07	1062.9	1.50E-04	1
281	4.30E+07	1065.5	1.52E-04	1
281	4.40E+07	1068.1	1.53E-04	1
281	4.50E+07	1070.6	1.54E-04	1
281	4.60E+07	1073.1	1.55E-04	1
281	4.70E+07	1075.5	1.57E-04	1
281	4.80E+07	1077.9	1.58E-04	1
281	4.90E+07	1080.2	1.59E-04	1
281	5.00E+07	1082.5	1.60E-04	1
282	1.00E+06	20.022	1.42E-05	0
282	2.00E+06	43.275	1.44E-05	0
282	3.00E+06	71.649	1.47E-05	0
282	4.00E+06	110.02	1.53E-05	0
282	4.38E+06	130.05	1.56E-05	0
282	4.38E+06	869.52	8.54E-05	1
282	5.00E+06	878.24	8.75E-05	1
282	6.00E+06	890.41	9.04E-05	1
282	7.00E+06	901.03	9.31E-05	1
282	8.00E+06	910.52	9.55E-05	1
282	9.00E+06	919.13	9.78E-05	1
282	1.00E+07	927.05	1.00E-04	1
282	1.10E+07	934.4	1.02E-04	1
282	1.20E+07	941.27	1.04E-04	1
282	1.30E+07	947.73	1.06E-04	1
282	1.40E+07	953.83	1.08E-04	1
282	1.50E+07	959.62	1.10E-04	1
282	1.60E+07	965.13	1.12E-04	1
282	1.70E+07	970.4	1.13E-04	1
282	1.80E+07	975.45	1.15E-04	1
282	1.90E+07	980.29	1.17E-04	1
282	2.00E+07	984.95	1.18E-04	1
282	2.10E+07	989.45	1.20E-04	1
282	2.20E+07	993.79	1.21E-04	1
282	2.30E+07	997.98	1.23E-04	1
282	2.40E+07	1002.1	1.24E-04	1
282	2.50E+07	1006	1.26E-04	1
282	2.60E+07	1009.8	1.27E-04	1
282	2.70E+07	1013.5	1.29E-04	1
282	2.80E+07	1017.2	1.30E-04	1
282	2.90E+07	1020.7	1.32E-04	1
282	3.00E+07	1024.1	1.33E-04	1
282	3.10E+07	1027.5	1.34E-04	1
282	3.20E+07	1030.8	1.36E-04	1
282	3.30E+07	1034	1.37E-04	1
282	3.40E+07	1037.1	1.38E-04	1
282	3.50E+07	1040.2	1.40E-04	1
282	3.60E+07	1043.2	1.41E-04	1
282	3.70E+07	1046.1	1.42E-04	1
282	3.80E+07	1049	1.44E-04	1
282	3.90E+07	1051.8	1.45E-04	1
282	4.00E+07	1054.6	1.46E-04	1
282	4.10E+07	1057.3	1.48E-04	1
282	4.20E+07	1059.9	1.49E-04	1
282	4.30E+07	1062.6	1.50E-04	1
282	4.40E+07	1065.1	1.51E-04	1
282	4.50E+07	1067.7	1.53E-04	1
282	4.60E+07	1070.2	1.54E-04	1
282	4.70E+07	1072.6	1.55E-04	1
282	4.80E+07	1075	1.56E-04	1
282	4.90E+07	1077.4	1.57E-04	1
282	5.00E+07	1079.7	1.59E-04	1
283	1.00E+06	19.935	1.43E-05	0
283	2.00E+06	43.033	1.44E-05	0
283	3.00E+06	71.093	1.47E-05	0
283	4.00E+06	108.62	1.53E-05	0
283	4.49E+06	134.48	1.58E-05	0
283	4.49E+06	862.23	8.38E-05	1
283	5.00E+06	869.91	8.55E-05	1
283	6.00E+06	882.93	8.86E-05	1
283	7.00E+06	894.15	9.13E-05	1
283	8.00E+06	904.11	9.38E-05	1
283	9.00E+06	913.1	9.62E-05	1
283	1.00E+07	921.32	9.84E-05	1
283	1.10E+07	928.93	1.01E-04	1
283	1.20E+07	936.02	1.03E-04	1
283	1.30E+07	942.68	1.05E-04	1
283	1.40E+07	948.95	1.06E-04	1
283	1.50E+07	954.89	1.08E-04	1
283	1.60E+07	960.55	1.10E-04	1
283	1.70E+07	965.94	1.12E-04	1
283	1.80E+07	971.1	1.13E-04	1
283	1.90E+07	976.05	1.15E-04	1
283	2.00E+07	980.81	1.17E-04	1
283	2.10E+07	985.39	1.18E-04	1
283	2.20E+07	989.81	1.20E-04	1
283	2.30E+07	994.09	1.21E-04	1
283	2.40E+07	998.23	1.23E-04	1
283	2.50E+07	1002.2	1.24E-04	1
283	2.60E+07	1006.1	1.26E-04	1
283	2.70E+07	1009.9	1.27E-04	1
283	2.80E+07	1013.6	1.29E-04	1
283	2.90E+07	1017.2	1.30E-04	1
283	3.00E+07	1020.7	1.32E-04	1
283	3.10E+07	1024.1	1.33E-04	1
283	3.20E+07	1027.4	1.34E-04	1
283	3.30E+07	1030.6	1.36E-04	1
283	3.40E+07	1033.8	1.37E-04	1
283	3.50E+07	1036.9	1.38E-04	1
283	3.60E+07	1039.9	1.40E-04	1
283	3.70E+07	1042.9	1.41E-04	1
283	3.80E+07	1045.8	1.42E-04	1
283	3.90E+07	1048.7	1.43E-04	1
283	4.00E+07	1051.5	1.45E-04	1
283	4.10E+07	1054.2	1.46E-04	1
283	4.20E+07	1056.9	1.47E-04	1
283	4.30E+07	1059.6	1.49E-04	1
283	4.40E+07	1062.2	1.50E-04	1
283	4.50E+07	1064.8	1.51E-04	1
283	4.60E+07	1067.3	1.52E-04	1
283	4.70E+07	1069.7	1.53E-04	1
283	4.80E+07	1072.2	1.55E-04	1
283	4.90E+07	1074.6	1.56E-04	1
283	5.00E+07	1076.9	1.57E-04	1
284	1.00E+06	19.849	1.43E-05	0
284	2.00E+06	42.795	1.45E-05	0
284	3.00E+06	70.552	1.48E-05	0
284	4.00E+06	107.29	1.53E-05	0
284	4.60E+06	139.09	1.59E-05	0
284	4.60E+06	854.74	8.21E-05	1
284	5.00E+06	861.2	8.36E-05	1
284	6.00E+06	875.18	8.67E-05	1
284	7.00E+06	887.08	8.96E-05	1
284	8.00E+06	897.55	9.21E-05	1
284	9.00E+06	906.94	9.45E-05	1
284	1.00E+07	915.5	9.68E-05	1
284	1.10E+07	923.38	9.89E-05	1
284	1.20E+07	930.71	1.01E-04	1
284	1.30E+07	937.56	1.03E-04	1
284	1.40E+07	944.02	1.05E-04	1
284	1.50E+07	950.12	1.07E-04	1
284	1.60E+07	955.92	1.08E-04	1
284	1.70E+07	961.44	1.10E-04	1
284	1.80E+07	966.72	1.12E-04	1
284	1.90E+07	971.77	1.14E-04	1
284	2.00E+07	976.63	1.15E-04	1
284	2.10E+07	981.31	1.17E-04	1
284	2.20E+07	985.81	1.18E-04	1
284	2.30E+07	990.17	1.20E-04	1
284	2.40E+07	994.38	1.21E-04	1
284	2.50E+07	998.46	1.23E-04	1
284	2.60E+07	1002.4	1.24E-04	1
284	2.70E+07	1006.3	1.26E-04	1
284	2.80E+07	1010	1.27E-04	1
284	2.90E+07	1013.6	1.29E-04	1
284	3.00E+07	1017.2	1.30E-04	1
284	3.10E+07	1020.6	1.31E-04	1
284	3.20E+07	1024	1.33E-04	1
284	3.30E+07	1027.3	1.34E-04	1
284	3.40E+07	1030.5	1.35E-04	1
284	3.50E+07	1033.7	1.37E-04	1
284	3.60E+07	1036.7	1.38E-04	1
284	3.70E+07	1039.7	1.39E-04	1
284	3.80E+07	1042.7	1.41E-04	1
284	3.90E+07	1045.6	1.42E-04	1
284	4.00E+07	1048.4	1.43E-04	1
284	4.10E+07	1051.2	1.45E-04	1
284	4.20E+07	1053.9	1.46E-04	1
284	4.30E+07	1056.6	1.47E-04	1
284	4.40E+07	1059.2	1.48E-04	1
284	4.50E+07	1061.8	1.49E-04	1
284	4.60E+07	1064.4	1.51E-04	1
284	4.70E+07	1066.9	1.52E-04	1
284	4.80E+07	1069.3	1.53E-04	1
284	4.90E+07	1071.8	1.54E-04	1
284	5.00E+07	1074.1	1.55E-04	1
285	1.00E+06	19.763	1.44E-05	0
285	2.00E+06	42.56	1.45E-05	0
285	3.00E+06	70.025	1.48E-05	0
285	4.00E+06	106.02	1.54E-05	0
285	4.71E+06	143.92	1.61E-05	0
285	4.71E+06	847.05	8.05E-05	1
285	5.00E+06	852.04	8.16E-05	1
285	6.00E+06	867.13	8.49E-05	1
285	7.00E+06	879.8	8.78E-05	1
285	8.00E+06	890.82	9.05E-05	1
285	9.00E+06	900.65	9.29E-05	1
285	1.00E+07	909.56	9.52E-05	1
285	1.10E+07	917.74	9.74E-05	1
285	1.20E+07	925.31	9.95E-05	1
285	1.30E+07	932.39	1.01E-04	1
285	1.40E+07	939.03	1.03E-04	1
285	1.50E+07	945.3	1.05E-04	1
285	1.60E+07	951.25	1.07E-04	1
285	1.70E+07	956.9	1.09E-04	1
285	1.80E+07	962.3	1.10E-04	1
285	1.90E+07	967.47	1.12E-04	1
285	2.00E+07	972.43	1.14E-04	1
285	2.10E+07	977.2	1.15E-04	1
285	2.20E+07	981.79	1.17E-04	1
285	2.30E+07	986.23	1.18E-04	1
285	2.40E+07	990.52	1.20E-04	1
285	2.50E+07	994.67	1.21E-04	1
285	2.60E+07	998.69	1.23E-04	1
285	2.70E+07	1002.6	1.24E-04	1
285	2.80E+07	1006.4	1.26E-04	1
285	2.90E+07	1010.1	1.27E-04	1
285	3.00E+07	1013.7	1.29E-04	1
285	3.10E+07	1017.2	1.30E-04	1
285	3.20E+07	1020.6	1.31E-04	1
285	3.30E+07	1023.9	1.33E-04	1
285	3.40E+07	1027.2	1.34E-04	1
285	3.50E+07	1030.4	1.35E-04	1
285	3.60E+07	1033.5	1.37E-04	1
285	3.70E+07	1036.5	1.38E-04	1
285	3.80E+07	1039.5	1.39E-04	1
285	3.90E+07	1042.5	1.40E-04	1
285	4.00E+07	1045.3	1.42E-04	1
285	4.10E+07	1048.1	1.43E-04	1
285	4.20E+07	1050.9	1.44E-04	1
285	4.30E+07	1053.6	1.46E-04	1
285	4.40E+07	1056.3	1.47E-04	1
285	4.50E+07	1058.9	1.48E-04	1
285	4.60E+07	1061.5	1.49E-04	1
285	4.70E+07	1064	1.50E-04	1
285	4.80E+07	1066.5	1.52E-04	1
285	4.90E+07	1068.9	1.53E-04	1
285	5.00E+07	1071.3	1.54E-04	1
286	1.00E+06	19.679	1.44E-05	0
286	2.00E+06	42.329	1.46E-05	0
286	3.00E+06	69.51	1.49E-05	0
286	4.00E+06	104.81	1.54E-05	0
286	4.83E+06	148.98	1.63E-05	0
286	4.83E+06	839.12	7.88E-05	1
286	5.00E+06	842.35	7.95E-05	1
286	6.00E+06	858.75	8.30E-05	1
286	7.00E+06	872.27	8.61E-05	1
286	8.00E+06	883.92	8.88E-05	1
286	9.00E+06	894.22	9.13E-05	1
286	1.00E+07	903.51	9.36E-05	1
286	1.10E+07	912	9.58E-05	1
286	1.20E+07	919.84	9.79E-05	1
286	1.30E+07	927.14	9.99E-05	1
286	1.40E+07	933.98	1.02E-04	1
286	1.50E+07	940.43	1.04E-04	1
286	1.60E+07	946.53	1.06E-04	1
286	1.70E+07	952.32	1.07E-04	1
286	1.80E+07	957.85	1.09E-04	1
286	1.90E+07	963.13	1.11E-04	1
286	2.00E+07	968.2	1.12E-04	1
286	2.10E+07	973.06	1.14E-04	1
286	2.20E+07	977.75	1.15E-04	1
286	2.30E+07	982.27	1.17E-04	1
286	2.40E+07	986.63	1.19E-04	1
286	2.50E+07	990.86	1.20E-04	1
286	2.60E+07	994.95	1.21E-04	1
286	2.70E+07	998.92	1.23E-04	1
286	2.80E+07	1002.8	1.24E-04	1
286	2.90E+07	1006.5	1.26E-04	1
286	3.00E+07	1010.2	1.27E-04	1
286	3.10E+07	1013.7	1.29E-04	1
286	3.20E+07	1017.2	1.30E-04	1
286	3.30E+07	1020.6	1.31E-04	1
286	3.40E+07	1023.9	1.33E-04	1
286	3.50E+07	1027.1	1.34E-04	1
286	3.60E+07	1030.3	1.35E-04	1
286	3.70E+07	1033.4	1.36E-04	1
286	3.80E+07	1036.4	1.38E-04	1
286	3.90E+07	1039.3	1.39E-04	1
286	4.00E+07	1042.2	1.40E-04	1
286	4.10E+07	1045.1	1.42E-04	1
286	4.20E+07	1047.9	1.43E-04	1
286	4.30E+07	1050.6	1.44E-04	1
286	4.40E+07	1053.3	1.45E-04	1
286	4.50E+07	1056	1.46E-04	1
286	4.60E+07	1058.6	1.48E-04	1
286	4.70E+07	1061.1	1.49E-04	1
286	4.80E+07	1063.6	1.50E-04	1
286	4.90E+07	1066.1	1.51E-04	1
286	5.00E+07	1068.5	1.52E-04	1
287	1.00E+06	19.595	1.45E-05	0
287	2.00E+06	42.101	1.46E-05	0
287	3.00E+06	69.008	1.49E-05	0
287	4.00E+06	103.66	1.54E-05	0
287	4.95E+06	154.29	1.64E-05	0
287	4.95E+06	830.95	7.72E-05	1
287	5.00E+06	832.03	7.74E-05	1
287	6.00E+06	849.99	8.11E-05	1
287	7.00E+06	864.49	8.43E-05	1
287	8.00E+06	876.82	8.71E-05	1
287	9.00E+06	887.65	8.97E-05	1
287	1.00E+07	897.35	9.21E-05	1
287	1.10E+07	906.17	9.43E-05	1
287	1.20E+07	914.29	9.64E-05	1
287	1.30E+07	921.83	9.85E-05	1
287	1.40E+07	928.88	1.00E-04	1
287	1.50E+07	935.5	1.02E-04	1
287	1.60E+07	941.76	1.04E-04	1
287	1.70E+07	947.7	1.06E-04	1
287	1.80E+07	953.36	1.08E-04	1
287	1.90E+07	958.76	1.09E-04	1
287	2.00E+07	963.93	1.11E-04	1
287	2.10E+07	968.9	1.13E-04	1
287	2.20E+07	973.68	1.14E-04	1
287	2.30E+07	978.28	1.16E-04	1
287	2.40E+07	982.73	1.17E-04	1
287	2.50E+07	987.03	1.19E-04	1
287	2.60E+07	991.19	1.20E-04	1
287	2.70E+07	995.22	1.22E-04	1
287	2.80E+07	999.14	1.23E-04	1
287	2.90E+07	1002.9	1.24E-04	1
287	3.00E+07	1006.7	1.26E-04	1
287	3.10E+07	1010.3	1.27E-04	1
287	3.20E+07	1013.8	1.28E-04	1
287	3.30E+07	1017.2	1.30E-04	1
287	3.40E+07	1020.6	1.31E-04	1
287	3.50E+07	1023.8	1.32E-04	1
287	3.60E+07	1027	1.34E-04	1
287	3.70E+07	1030.1	1.35E-04	1
287	3.80E+07	1033.2	1.36E-04	1
287	3.90E+07	1036.2	1.38E-04	1
287	4.00E+07	1039.1	1.39E-04	1
287	4.10E+07	1042	1.40E-04	1
287	4.20E+07	1044.9	1.41E-04	1
287	4.30E+07	1047.6	1.43E-04	1
287	4.40E+07	1050.3	1.44E-04	1
287	4.50E+07	1053	1.45E-04	1
287	4.60E+07	1055.6	1.46E-04	1
287	4.70E+07	1058.2	1.47E-04	1
287	4.80E+07	1060.8	1.49E-04	1
287	4.90E+07	1063.3	1.50E-04	1
287	5.00E+07	1065.7	1.51E-04	1
288	1.00E+06	19.512	1.45E-05	0
288	2.00E+06	41.877	1.47E-05	0
288	3.00E+06	68.517	1.50E-05	0
288	4.00E+06	102.55	1.55E-05	0
288	5.00E+06	154.64	1.65E-05	0
288	5.07E+06	159.87	1.66E-05	0
288	5.07E+06	822.5	7.55E-05	1
288	6.00E+06	840.79	7.92E-05	1
288	7.00E+06	856.42	8.25E-05	1
288	8.00E+06	869.52	8.54E-05	1
288	9.00E+06	880.91	8.81E-05	1
288	1.00E+07	891.06	9.05E-05	1
288	1.10E+07	900.24	9.28E-05	1
288	1.20E+07	908.66	9.49E-05	1
288	1.30E+07	916.44	9.70E-05	1
288	1.40E+07	923.71	9.90E-05	1
288	1.50E+07	930.52	1.01E-04	1
288	1.60E+07	936.95	1.03E-04	1
288	1.70E+07	943.04	1.04E-04	1
288	1.80E+07	948.83	1.06E-04	1
288	1.90E+07	954.36	1.08E-04	1
288	2.00E+07	959.64	1.10E-04	1
288	2.10E+07	964.71	1.11E-04	1
288	2.20E+07	969.58	1.13E-04	1
288	2.30E+07	974.27	1.14E-04	1
288	2.40E+07	978.8	1.16E-04	1
288	2.50E+07	983.18	1.17E-04	1
288	2.60E+07	987.41	1.19E-04	1
288	2.70E+07	991.51	1.20E-04	1
288	2.80E+07	995.49	1.22E-04	1
288	2.90E+07	999.36	1.23E-04	1
288	3.00E+07	1003.1	1.24E-04	1
288	3.10E+07	1006.8	1.26E-04	1
288	3.20E+07	1010.3	1.27E-04	1
288	3.30E+07	1013.8	1.28E-04	1
288	3.40E+07	1017.2	1.30E-04	1
288	3.50E+07	1020.5	1.31E-04	1
288	3.60E+07	1023.8	1.32E-04	1
288	3.70E+07	1026.9	1.34E-04	1
288	3.80E+07	1030	1.35E-04	1
288	3.90E+07	1033.1	1.36E-04	1
288	4.00E+07	1036	1.37E-04	1
288	4.10E+07	1039	1.39E-04	1
288	4.20E+07	1041.8	1.40E-04	1
288	4.30E+07	1044.6	1.41E-04	1
288	4.40E+07	1047.4	1.42E-04	1
288	4.50E+07	1050.1	1.44E-04	1
288	4.60E+07	1052.7	1.45E-04	1
288	4.70E+07	1055.3	1.46E-04	1
288	4.80E+07	1057.9	1.47E-04	1
288	4.90E+07	1060.4	1.48E-04	1
288	5.00E+07	1062.9	1.50E-04	1
289	1.00E+06	19.43	1.46E-05	0
289	2.00E+06	41.656	1.47E-05	0
289	3.00E+06	68.037	1.50E-05	0
289	4.00E+06	101.49	1.55E-05	0
289	5.00E+06	151.36	1.65E-05	0
289	5.19E+06	165.75	1.68E-05	0
289	5.19E+06	813.75	7.39E-05	1
289	6.00E+06	831.08	7.72E-05	1
289	7.00E+06	848.02	8.07E-05	1
289	8.00E+06	861.99	8.37E-05	1
289	9.00E+06	874.01	8.65E-05	1
289	1.00E+07	884.63	8.89E-05	1
289	1.10E+07	894.2	9.13E-05	1
289	1.20E+07	902.93	9.35E-05	1
289	1.30E+07	910.98	9.55E-05	1
289	1.40E+07	918.48	9.75E-05	1
289	1.50E+07	925.49	9.94E-05	1
289	1.60E+07	932.09	1.01E-04	1
289	1.70E+07	938.34	1.03E-04	1
289	1.80E+07	944.27	1.05E-04	1
289	1.90E+07	949.92	1.06E-04	1
289	2.00E+07	955.32	1.08E-04	1
289	2.10E+07	960.49	1.10E-04	1
289	2.20E+07	965.46	1.11E-04	1
289	2.30E+07	970.24	1.13E-04	1
289	2.40E+07	974.85	1.14E-04	1
289	2.50E+07	979.31	1.16E-04	1
289	2.60E+07	983.61	1.17E-04	1
289	2.70E+07	987.78	1.19E-04	1
289	2.80E+07	991.83	1.20E-04	1
289	2.90E+07	995.76	1.22E-04	1
289	3.00E+07	999.57	1.23E-04	1
289	3.10E+07	1003.3	1.24E-04	1
289	3.20E+07	1006.9	1.26E-04	1
289	3.30E+07	1010.4	1.27E-04	1
289	3.40E+07	1013.9	1.28E-04	1
289	3.50E+07	1017.2	1.30E-04	1
289	3.60E+07	1020.5	1.31E-04	1
289	3.70E+07	1023.7	1.32E-04	1
289	3.80E+07	1026.9	1.34E-04	1
289	3.90E+07	1029.9	1.35E-04	1
289	4.00E+07	1032.9	1.36E-04	1
289	4.10E+07	1035.9	1.37E-04	1
289	4.20E+07	1038.8	1.39E-04	1
289	4.30E+07	1041.6	1.40E-04	1
289	4.40E+07	1044.4	1.41E-04	1
289	4.50E+07	1047.1	1.42E-04	1
289	4.60E+07	1049.8	1.43E-04	1
289	4.70E+07	1052.4	1.45E-04	1
289	4.80E+07	1055	1.46E-04	1
289	4.90E+07	1057.6	1.47E-04	1
289	5.00E+07	1060.1	1.48E-04	1
290	1.00E+06	19.349	1.46E-05	0
290	2.00E+06	41.438	1.48E-05	0
290	3.00E+06	67.568	1.51E-05	0
290	4.00E+06	100.47	1.55E-05	0
290	5.00E+06	148.41	1.65E-05	0
290	5.32E+06	171.96	1.70E-05	0
290	5.32E+06	804.67	7.22E-05	1
290	6.00E+06	820.77	7.52E-05	1
290	7.00E+06	839.25	7.89E-05	1
290	8.00E+06	854.2	8.20E-05	1
290	9.00E+06	866.91	8.48E-05	1
290	1.00E+07	878.06	8.74E-05	1
290	1.10E+07	888.04	8.98E-05	1
290	1.20E+07	897.11	9.20E-05	1
290	1.30E+07	905.44	9.41E-05	1
290	1.40E+07	913.17	9.61E-05	1
290	1.50E+07	920.4	9.80E-05	1
290	1.60E+07	927.18	9.99E-05	1
290	1.70E+07	933.59	1.02E-04	1
290	1.80E+07	939.67	1.03E-04	1
290	1.90E+07	945.45	1.05E-04	1
290	2.00E+07	950.97	1.07E-04	1
290	2.10E+07	956.25	1.08E-04	1
290	2.20E+07	961.32	1.10E-04	1
290	2.30E+07	966.19	1.12E-04	1
290	2.40E+07	970.89	1.13E-04	1
290	2.50E+07	975.42	1.15E-04	1
290	2.60E+07	979.8	1.16E-04	1
290	2.70E+07	984.04	1.17E-04	1
290	2.80E+07	988.15	1.19E-04	1
290	2.90E+07	992.14	1.20E-04	1
290	3.00E+07	996.01	1.22E-04	1
290	3.10E+07	999.78	1.23E-04	1
290	3.20E+07	1003.5	1.24E-04	1
290	3.30E+07	1007	1.26E-04	1
290	3.40E+07	1010.5	1.27E-04	1
290	3.50E+07	1013.9	1.28E-04	1
290	3.60E+07	1017.2	1.30E-04	1
290	3.70E+07	1020.5	1.31E-04	1
290	3.80E+07	1023.7	1.32E-04	1
290	3.90E+07	1026.8	1.33E-04	1
290	4.00E+07	1029.8	1.35E-04	1
290	4.10E+07	1032.8	1.36E-04	1
290	4.20E+07	1035.7	1.37E-04	1
290	4.30E+07	1038.6	1.38E-04	1
290	4.40E+07	1041.4	1.40E-04	1
290	4.50E+07	1044.2	1.41E-04	1
290	4.60E+07	1046.9	1.42E-04	1
290	4.70E+07	1049.5	1.43E-04	1
290	4.80E+07	1052.2	1.44E-04	1
290	4.90E+07	1054.7	1.45E-04	1
290	5.00E+07	1057.3	1.47E-04	1
291	1.00E+06	19.269	1.47E-05	0
291	2.00E+06	41.224	1.48E-05	0
291	3.00E+06	67.11	1.51E-05	0
291	4.00E+06	99.49	1.56E-05	0
291	5.00E+06	145.73	1.65E-05	0
291	5.45E+06	178.55	1.73E-05	0
291	5.45E+06	795.21	7.05E-05	1
291	6.00E+06	809.73	7.31E-05	1
291	7.00E+06	830.07	7.71E-05	1
291	8.00E+06	846.14	8.03E-05	1
291	9.00E+06	859.62	8.32E-05	1
291	1.00E+07	871.34	8.58E-05	1
291	1.10E+07	881.76	8.83E-05	1
291	1.20E+07	891.19	9.05E-05	1
291	1.30E+07	899.82	9.26E-05	1
291	1.40E+07	907.81	9.47E-05	1
291	1.50E+07	915.24	9.66E-05	1
291	1.60E+07	922.22	9.85E-05	1
291	1.70E+07	928.8	1.00E-04	1
291	1.80E+07	935.02	1.02E-04	1
291	1.90E+07	940.94	1.04E-04	1
291	2.00E+07	946.58	1.05E-04	1
291	2.10E+07	951.97	1.07E-04	1
291	2.20E+07	957.15	1.09E-04	1
291	2.30E+07	962.11	1.10E-04	1
291	2.40E+07	966.9	1.12E-04	1
291	2.50E+07	971.51	1.13E-04	1
291	2.60E+07	975.97	1.15E-04	1
291	2.70E+07	980.28	1.16E-04	1
291	2.80E+07	984.45	1.18E-04	1
291	2.90E+07	988.51	1.19E-04	1
291	3.00E+07	992.44	1.20E-04	1
291	3.10E+07	996.27	1.22E-04	1
291	3.20E+07	999.99	1.23E-04	1
291	3.30E+07	1003.6	1.24E-04	1
291	3.40E+07	1007.2	1.26E-04	1
291	3.50E+07	1010.6	1.27E-04	1
291	3.60E+07	1014	1.28E-04	1
291	3.70E+07	1017.3	1.30E-04	1
291	3.80E+07	1020.5	1.31E-04	1
291	3.90E+07	1023.6	1.32E-04	1
291	4.00E+07	1026.7	1.33E-04	1
291	4.10E+07	1029.7	1.35E-04	1
291	4.20E+07	1032.7	1.36E-04	1
291	4.30E+07	1035.6	1.37E-04	1
291	4.40E+07	1038.4	1.38E-04	1
291	4.50E+07	1041.2	1.39E-04	1
291	4.60E+07	1044	1.41E-04	1
291	4.70E+07	1046.6	1.42E-04	1
291	4.80E+07	1049.3	1.43E-04	1
291	4.90E+07	1051.9	1.44E-04	1
291	5.00E+07	1054.5	1.45E-04	1
292	1.00E+06	19.189	1.47E-05	0
292	2.00E+06	41.012	1.49E-05	0
292	3.00E+06	66.661	1.52E-05	0
292	4.00E+06	98.542	1.56E-05	0
292	5.00E+06	143.26	1.65E-05	0
292	5.58E+06	185.55	1.75E-05	0
292	5.58E+06	785.33	6.88E-05	1
292	6.00E+06	797.8	7.10E-05	1
292	7.00E+06	820.41	7.52E-05	1
292	8.00E+06	837.77	7.86E-05	1
292	9.00E+06	852.11	8.16E-05	1
292	1.00E+07	864.45	8.43E-05	1
292	1.10E+07	875.35	8.68E-05	1
292	1.20E+07	885.16	8.91E-05	1
292	1.30E+07	894.11	9.12E-05	1
292	1.40E+07	902.36	9.33E-05	1
292	1.50E+07	910.03	9.52E-05	1
292	1.60E+07	917.21	9.71E-05	1
292	1.70E+07	923.96	9.90E-05	1
292	1.80E+07	930.34	1.01E-04	1
292	1.90E+07	936.39	1.02E-04	1
292	2.00E+07	942.16	1.04E-04	1
292	2.10E+07	947.67	1.06E-04	1
292	2.20E+07	952.95	1.07E-04	1
292	2.30E+07	958.01	1.09E-04	1
292	2.40E+07	962.89	1.10E-04	1
292	2.50E+07	967.58	1.12E-04	1
292	2.60E+07	972.12	1.13E-04	1
292	2.70E+07	976.5	1.15E-04	1
292	2.80E+07	980.75	1.16E-04	1
292	2.90E+07	984.86	1.18E-04	1
292	3.00E+07	988.86	1.19E-04	1
292	3.10E+07	992.74	1.20E-04	1
292	3.20E+07	996.51	1.22E-04	1
292	3.30E+07	1000.2	1.23E-04	1
292	3.40E+07	1003.8	1.24E-04	1
292	3.50E+07	1007.3	1.26E-04	1
292	3.60E+07	1010.7	1.27E-04	1
292	3.70E+07	1014	1.28E-04	1
292	3.80E+07	1017.3	1.29E-04	1
292	3.90E+07	1020.5	1.31E-04	1
292	4.00E+07	1023.6	1.32E-04	1
292	4.10E+07	1026.6	1.33E-04	1
292	4.20E+07	1029.6	1.34E-04	1
292	4.30E+07	1032.6	1.36E-04	1
292	4.40E+07	1035.4	1.37E-04	1
292	4.50E+07	1038.3	1.38E-04	1
292	4.60E+07	1041	1.39E-04	1
292	4.70E+07	1043.7	1.40E-04	1
292	4.80E+07	1046.4	1.42E-04	1
292	4.90E+07	1049	1.43E-04	1
292	5.00E+07	1051.6	1.44E-04	1
293	1.00E+06	19.11	1.48E-05	0
293	2.00E+06	40.804	1.49E-05	0
293	3.00E+06	66.221	1.52E-05	0
293	4.00E+06	97.626	1.57E-05	0
293	5.00E+06	140.98	1.65E-05	0
293	5.71E+06	193.03	1.78E-05	0
293	5.71E+06	774.98	6.70E-05	1
293	6.00E+06	784.73	6.87E-05	1
293	7.00E+06	810.19	7.33E-05	1
293	8.00E+06	829.05	7.69E-05	1
293	9.00E+06	844.36	8.00E-05	1
293	1.00E+07	857.39	8.28E-05	1
293	1.10E+07	868.81	8.53E-05	1
293	1.20E+07	879.03	8.76E-05	1
293	1.30E+07	888.32	8.98E-05	1
293	1.40E+07	896.85	9.19E-05	1
293	1.50E+07	904.75	9.39E-05	1
293	1.60E+07	912.14	9.58E-05	1
293	1.70E+07	919.07	9.76E-05	1
293	1.80E+07	925.61	9.94E-05	1
293	1.90E+07	931.81	1.01E-04	1
293	2.00E+07	937.71	1.03E-04	1
293	2.10E+07	943.34	1.04E-04	1
293	2.20E+07	948.72	1.06E-04	1
293	2.30E+07	953.89	1.08E-04	1
293	2.40E+07	958.85	1.09E-04	1
293	2.50E+07	963.63	1.11E-04	1
293	2.60E+07	968.25	1.12E-04	1
293	2.70E+07	972.71	1.13E-04	1
293	2.80E+07	977.02	1.15E-04	1
293	2.90E+07	981.2	1.16E-04	1
293	3.00E+07	985.26	1.18E-04	1
293	3.10E+07	989.2	1.19E-04	1
293	3.20E+07	993.03	1.20E-04	1
293	3.30E+07	996.76	1.22E-04	1
293	3.40E+07	1000.4	1.23E-04	1
293	3.50E+07	1003.9	1.24E-04	1
293	3.60E+07	1007.4	1.26E-04	1
293	3.70E+07	1010.8	1.27E-04	1
293	3.80E+07	1014.1	1.28E-04	1
293	3.90E+07	1017.3	1.29E-04	1
293	4.00E+07	1020.4	1.31E-04	1
293	4.10E+07	1023.5	1.32E-04	1
293	4.20E+07	1026.6	1.33E-04	1
293	4.30E+07	1029.5	1.34E-04	1
293	4.40E+07	1032.4	1.36E-04	1
293	4.50E+07	1035.3	1.37E-04	1
293	4.60E+07	1038.1	1.38E-04	1
293	4.70E+07	1040.8	1.39E-04	1
293	4.80E+07	1043.5	1.40E-04	1
293	4.90E+07	1046.2	1.41E-04	1
293	5.00E+07	1048.8	1.43E-04	1
294	1.00E+06	19.032	1.48E-05	0
294	2.00E+06	40.598	1.50E-05	0
294	3.00E+06	65.79	1.53E-05	0
294	4.00E+06	96.741	1.57E-05	0
294	5.00E+06	138.85	1.65E-05	0
294	5.84E+06	201.06	1.81E-05	0
294	5.84E+06	764.09	6.53E-05	1
294	6.00E+06	770.14	6.63E-05	1
294	7.00E+06	799.31	7.13E-05	1
294	8.00E+06	819.95	7.51E-05	1
294	9.00E+06	836.35	7.84E-05	1
294	1.00E+07	850.13	8.12E-05	1
294	1.10E+07	862.12	8.38E-05	1
294	1.20E+07	872.78	8.62E-05	1
294	1.30E+07	882.42	8.84E-05	1
294	1.40E+07	891.25	9.05E-05	1
294	1.50E+07	899.41	9.25E-05	1
294	1.60E+07	907.01	9.44E-05	1
294	1.70E+07	914.13	9.63E-05	1
294	1.80E+07	920.84	9.81E-05	1
294	1.90E+07	927.19	9.98E-05	1
294	2.00E+07	933.23	1.01E-04	1
294	2.10E+07	938.98	1.03E-04	1
294	2.20E+07	944.47	1.05E-04	1
294	2.30E+07	949.74	1.06E-04	1
294	2.40E+07	954.8	1.08E-04	1
294	2.50E+07	959.67	1.09E-04	1
294	2.60E+07	964.36	1.11E-04	1
294	2.70E+07	968.89	1.12E-04	1
294	2.80E+07	973.28	1.14E-04	1
294	2.90E+07	977.53	1.15E-04	1
294	3.00E+07	981.65	1.16E-04	1
294	3.10E+07	985.65	1.18E-04	1
294	3.20E+07	989.53	1.19E-04	1
294	3.30E+07	993.31	1.20E-04	1
294	3.40E+07	997	1.22E-04	1
294	3.50E+07	1000.6	1.23E-04	1
294	3.60E+07	1004.1	1.24E-04	1
294	3.70E+07	1007.5	1.26E-04	1
294	3.80E+07	1010.8	1.27E-04	1
294	3.90E+07	1014.1	1.28E-04	1
294	4.00E+07	1017.3	1.29E-04	1
294	4.10E+07	1020.4	1.31E-04	1
294	4.20E+07	1023.5	1.32E-04	1
294	4.30E+07	1026.5	1.33E-04	1
294	4.40E+07	1029.4	1.34E-04	1
294	4.50E+07	1032.3	1.35E-04	1
294	4.60E+07	1035.1	1.37E-04	1
294	4.70E+07	1037.9	1.38E-04	1
294	4.80E+07	1040.7	1.39E-04	1
294	4.90E+07	1043.3	1.40E-04	1
294	5.00E+07	1046	1.41E-04	1
295	1.00E+06	18.955	1.49E-05	0
295	2.00E+06	40.395	1.50E-05	0
295	3.00E+06	65.368	1.53E-05	0
295	4.00E+06	95.884	1.57E-05	0
295	5.00E+06	136.85	1.65E-05	0
295	5.98E+06	209.72	1.84E-05	0
295	5.98E+06	752.56	6.34E-05	1
295	6.00E+06	753.39	6.36E-05	1
295	7.00E+06	787.63	6.92E-05	1
295	8.00E+06	810.4	7.33E-05	1
295	9.00E+06	828.05	7.67E-05	1
295	1.00E+07	842.67	7.97E-05	1
295	1.10E+07	855.27	8.23E-05	1
295	1.20E+07	866.41	8.47E-05	1
295	1.30E+07	876.43	8.70E-05	1
295	1.40E+07	885.57	8.92E-05	1
295	1.50E+07	894	9.12E-05	1
295	1.60E+07	901.82	9.31E-05	1
295	1.70E+07	909.14	9.50E-05	1
295	1.80E+07	916.03	9.68E-05	1
295	1.90E+07	922.53	9.85E-05	1
295	2.00E+07	928.71	1.00E-04	1
295	2.10E+07	934.58	1.02E-04	1
295	2.20E+07	940.19	1.03E-04	1
295	2.30E+07	945.56	1.05E-04	1
295	2.40E+07	950.72	1.07E-04	1
295	2.50E+07	955.68	1.08E-04	1
295	2.60E+07	960.46	1.10E-04	1
295	2.70E+07	965.07	1.11E-04	1
295	2.80E+07	969.52	1.12E-04	1
295	2.90E+07	973.84	1.14E-04	1
295	3.00E+07	978.02	1.15E-04	1
295	3.10E+07	982.08	1.17E-04	1
295	3.20E+07	986.02	1.18E-04	1
295	3.30E+07	989.86	1.19E-04	1
295	3.40E+07	993.59	1.21E-04	1
295	3.50E+07	997.23	1.22E-04	1
295	3.60E+07	1000.8	1.23E-04	1
295	3.70E+07	1004.2	1.24E-04	1
295	3.80E+07	1007.6	1.26E-04	1
295	3.90E+07	1010.9	1.27E-04	1
295	4.00E+07	1014.2	1.28E-04	1
295	4.10E+07	1017.3	1.29E-04	1
295	4.20E+07	1020.4	1.31E-04	1
295	4.30E+07	1023.5	1.32E-04	1
295	4.40E+07	1026.4	1.33E-04	1
295	4.50E+07	1029.3	1.34E-04	1
295	4.60E+07	1032.2	1.35E-04	1
295	4.70E+07	1035	1.36E-04	1
295	4.80E+07	1037.8	1.38E-04	1
295	4.90E+07	1040.5	1.39E-04	1
295	5.00E+07	1043.1	1.40E-04	1
296	1.00E+06	18.878	1.49E-05	0
296	2.00E+06	40.195	1.51E-05	0
296	3.00E+06	64.954	1.54E-05	0
296	4.00E+06	95.053	1.58E-05	0
296	5.00E+06	134.97	1.65E-05	0
296	6.00E+06	203.64	1.83E-05	0
296	6.12E+06	219.14	1.88E-05	0
296	6.12E+06	740.28	6.16E-05	1
296	7.00E+06	774.98	6.71E-05	1
296	8.00E+06	800.35	7.15E-05	1
296	9.00E+06	819.43	7.51E-05	1
296	1.00E+07	834.99	7.81E-05	1
296	1.10E+07	848.26	8.08E-05	1
296	1.20E+07	859.91	8.33E-05	1
296	1.30E+07	870.34	8.56E-05	1
296	1.40E+07	879.81	8.78E-05	1
296	1.50E+07	888.51	8.99E-05	1
296	1.60E+07	896.58	9.18E-05	1
296	1.70E+07	904.1	9.37E-05	1
296	1.80E+07	911.17	9.55E-05	1
296	1.90E+07	917.84	9.73E-05	1
296	2.00E+07	924.15	9.89E-05	1
296	2.10E+07	930.16	1.01E-04	1
296	2.20E+07	935.89	1.02E-04	1
296	2.30E+07	941.37	1.04E-04	1
296	2.40E+07	946.62	1.05E-04	1
296	2.50E+07	951.67	1.07E-04	1
296	2.60E+07	956.53	1.08E-04	1
296	2.70E+07	961.22	1.10E-04	1
296	2.80E+07	965.75	1.11E-04	1
296	2.90E+07	970.14	1.13E-04	1
296	3.00E+07	974.38	1.14E-04	1
296	3.10E+07	978.5	1.15E-04	1
296	3.20E+07	982.51	1.17E-04	1
296	3.30E+07	986.4	1.18E-04	1
296	3.40E+07	990.18	1.19E-04	1
296	3.50E+07	993.87	1.21E-04	1
296	3.60E+07	997.46	1.22E-04	1
296	3.70E+07	1001	1.23E-04	1
296	3.80E+07	1004.4	1.24E-04	1
296	3.90E+07	1007.7	1.26E-04	1
296	4.00E+07	1011	1.27E-04	1
296	4.10E+07	1014.2	1.28E-04	1
296	4.20E+07	1017.3	1.29E-04	1
296	4.30E+07	1020.4	1.30E-04	1
296	4.40E+07	1023.4	1.32E-04	1
296	4.50E+07	1026.4	1.33E-04	1
296	4.60E+07	1029.3	1.34E-04	1
296	4.70E+07	1032.1	1.35E-04	1
296	4.80E+07	1034.9	1.36E-04	1
296	4.90E+07	1037.6	1.37E-04	1
296	5.00E+07	1040.3	1.39E-04	1
297	1.00E+06	18.803	1.50E-05	0
297	2.00E+06	39.997	1.51E-05	0
297	3.00E+06	64.548	1.54E-05	0
297	4.00E+06	94.247	1.58E-05	0
297	5.00E+06	133.2	1.65E-05	0
297	6.00E+06	196.95	1.81E-05	0
297	6.27E+06	229.46	1.92E-05	0
297	6.27E+06	727.09	5.96E-05	1
297	7.00E+06	761.09	6.49E-05	1
297	8.00E+06	789.72	6.97E-05	1
297	9.00E+06	810.46	7.34E-05	1
297	1.00E+07	827.07	7.66E-05	1
297	1.10E+07	841.08	7.94E-05	1
297	1.20E+07	853.28	8.19E-05	1
297	1.30E+07	864.14	8.43E-05	1
297	1.40E+07	873.96	8.65E-05	1
297	1.50E+07	882.96	8.85E-05	1
297	1.60E+07	891.27	9.05E-05	1
297	1.70E+07	899.01	9.24E-05	1
297	1.80E+07	906.26	9.42E-05	1
297	1.90E+07	913.1	9.60E-05	1
297	2.00E+07	919.56	9.77E-05	1
297	2.10E+07	925.7	9.94E-05	1
297	2.20E+07	931.55	1.01E-04	1
297	2.30E+07	937.14	1.03E-04	1
297	2.40E+07	942.5	1.04E-04	1
297	2.50E+07	947.64	1.06E-04	1
297	2.60E+07	952.59	1.07E-04	1
297	2.70E+07	957.36	1.09E-04	1
297	2.80E+07	961.96	1.10E-04	1
297	2.90E+07	966.42	1.11E-04	1
297	3.00E+07	970.73	1.13E-04	1
297	3.10E+07	974.91	1.14E-04	1
297	3.20E+07	978.97	1.15E-04	1
297	3.30E+07	982.92	1.17E-04	1
297	3.40E+07	986.76	1.18E-04	1
297	3.50E+07	990.5	1.19E-04	1
297	3.60E+07	994.14	1.21E-04	1
297	3.70E+07	997.69	1.22E-04	1
297	3.80E+07	1001.2	1.23E-04	1
297	3.90E+07	1004.5	1.24E-04	1
297	4.00E+07	1007.9	1.26E-04	1
297	4.10E+07	1011.1	1.27E-04	1
297	4.20E+07	1014.3	1.28E-04	1
297	4.30E+07	1017.4	1.29E-04	1
297	4.40E+07	1020.4	1.30E-04	1
297	4.50E+07	1023.4	1.32E-04	1
297	4.60E+07	1026.3	1.33E-04	1
297	4.70E+07	1029.2	1.34E-04	1
297	4.80E+07	1032	1.35E-04	1
297	4.90E+07	1034.8	1.36E-04	1
297	5.00E+07	1037.5	1.37E-04	1
298	1.00E+06	18.728	1.50E-05	0
298	2.00E+06	39.802	1.52E-05	0
298	3.00E+06	64.15	1.54E-05	0
298	4.00E+06	93.465	1.59E-05	0
298	5.00E+06	131.52	1.66E-05	0
298	6.00E+06	191.37	1.80E-05	0
298	6.41E+06	240.9	1.96E-05	0
298	6.41E+06	712.77	5.76E-05	1
298	7.00E+06	745.54	6.24E-05	1
298	8.00E+06	778.41	6.77E-05	1
298	9.00E+06	801.09	7.17E-05	1
298	1.00E+07	818.88	7.50E-05	1
298	1.10E+07	833.7	7.79E-05	1
298	1.20E+07	846.5	8.05E-05	1
298	1.30E+07	857.82	8.29E-05	1
298	1.40E+07	868.02	8.51E-05	1
298	1.50E+07	877.32	8.72E-05	1
298	1.60E+07	885.9	8.92E-05	1
298	1.70E+07	893.86	9.11E-05	1
298	1.80E+07	901.31	9.30E-05	1
298	1.90E+07	908.32	9.48E-05	1
298	2.00E+07	914.93	9.65E-05	1
298	2.10E+07	921.21	9.81E-05	1
298	2.20E+07	927.19	9.98E-05	1
298	2.30E+07	932.89	1.01E-04	1
298	2.40E+07	938.35	1.03E-04	1
298	2.50E+07	943.59	1.04E-04	1
298	2.60E+07	948.63	1.06E-04	1
298	2.70E+07	953.48	1.07E-04	1
298	2.80E+07	958.16	1.09E-04	1
298	2.90E+07	962.69	1.10E-04	1
298	3.00E+07	967.07	1.12E-04	1
298	3.10E+07	971.31	1.13E-04	1
298	3.20E+07	975.43	1.14E-04	1
298	3.30E+07	979.44	1.16E-04	1
298	3.40E+07	983.33	1.17E-04	1
298	3.50E+07	987.11	1.18E-04	1
298	3.60E+07	990.8	1.19E-04	1
298	3.70E+07	994.4	1.21E-04	1
298	3.80E+07	997.91	1.22E-04	1
298	3.90E+07	1001.3	1.23E-04	1
298	4.00E+07	1004.7	1.24E-04	1
298	4.10E+07	1008	1.26E-04	1
298	4.20E+07	1011.2	1.27E-04	1
298	4.30E+07	1014.3	1.28E-04	1
298	4.40E+07	1017.4	1.29E-04	1
298	4.50E+07	1020.4	1.30E-04	1
298	4.60E+07	1023.4	1.31E-04	1
298	4.70E+07	1026.2	1.33E-04	1
298	4.80E+07	1029.1	1.34E-04	1
298	4.90E+07	1031.9	1.35E-04	1
298	5.00E+07	1034.6	1.36E-04	1
299	1.00E+06	18.653	1.51E-05	0
299	2.00E+06	39.61	1.52E-05	0
299	3.00E+06	63.759	1.55E-05	0
299	4.00E+06	92.704	1.59E-05	0
299	5.00E+06	129.92	1.66E-05	0
299	6.00E+06	186.56	1.80E-05	0
299	6.56E+06	253.78	2.02E-05	0
299	6.56E+06	696.98	5.55E-05	1
299	7.00E+06	727.65	5.98E-05	1
299	8.00E+06	766.28	6.58E-05	1
299	9.00E+06	791.28	7.00E-05	1
299	1.00E+07	810.41	7.34E-05	1
299	1.10E+07	826.11	7.64E-05	1
299	1.20E+07	839.56	7.91E-05	1
299	1.30E+07	851.39	8.15E-05	1
299	1.40E+07	861.98	8.38E-05	1
299	1.50E+07	871.61	8.59E-05	1
299	1.60E+07	880.46	8.80E-05	1
299	1.70E+07	888.66	8.99E-05	1
299	1.80E+07	896.31	9.17E-05	1
299	1.90E+07	903.49	9.35E-05	1
299	2.00E+07	910.27	9.53E-05	1
299	2.10E+07	916.69	9.69E-05	1
299	2.20E+07	922.79	9.85E-05	1
299	2.30E+07	928.61	1.00E-04	1
299	2.40E+07	934.18	1.02E-04	1
299	2.50E+07	939.52	1.03E-04	1
299	2.60E+07	944.64	1.05E-04	1
299	2.70E+07	949.58	1.06E-04	1
299	2.80E+07	954.34	1.08E-04	1
299	2.90E+07	958.94	1.09E-04	1
299	3.00E+07	963.39	1.10E-04	1
299	3.10E+07	967.7	1.12E-04	1
299	3.20E+07	971.88	1.13E-04	1
299	3.30E+07	975.94	1.14E-04	1
299	3.40E+07	979.88	1.16E-04	1
299	3.50E+07	983.72	1.17E-04	1
299	3.60E+07	987.46	1.18E-04	1
299	3.70E+07	991.11	1.19E-04	1
299	3.80E+07	994.66	1.21E-04	1
299	3.90E+07	998.13	1.22E-04	1
299	4.00E+07	1001.5	1.23E-04	1
299	4.10E+07	1004.8	1.24E-04	1
299	4.20E+07	1008.1	1.26E-04	1
299	4.30E+07	1011.3	1.27E-04	1
299	4.40E+07	1014.4	1.28E-04	1
299	4.50E+07	1017.4	1.29E-04	1
299	4.60E+07	1020.4	1.30E-04	1
299	4.70E+07	1023.3	1.31E-04	1
299	4.80E+07	1026.2	1.33E-04	1
299	4.90E+07	1029	1.34E-04	1
299	5.00E+07	1031.8	1.35E-04	1
300	1.00E+06	18.579	1.51E-05	0
300	2.00E+06	39.42	1.53E-05	0
300	3.00E+06	63.376	1.55E-05	0
300	4.00E+06	91.965	1.59E-05	0
300	5.00E+06	128.4	1.66E-05	0
300	6.00E+06	182.31	1.79E-05	0
300	6.71E+06	268.58	2.08E-05	0
300	6.71E+06	679.24	5.32E-05	1
300	7.00E+06	706.06	5.68E-05	1
300	8.00E+06	753.17	6.37E-05	1
300	9.00E+06	780.97	6.82E-05	1
300	1.00E+07	801.62	7.18E-05	1
300	1.10E+07	818.31	7.49E-05	1
300	1.20E+07	832.47	7.77E-05	1
300	1.30E+07	844.82	8.02E-05	1
300	1.40E+07	855.84	8.25E-05	1
300	1.50E+07	865.82	8.47E-05	1
300	1.60E+07	874.95	8.67E-05	1
300	1.70E+07	883.39	8.87E-05	1
300	1.80E+07	891.26	9.05E-05	1
300	1.90E+07	898.63	9.23E-05	1
300	2.00E+07	905.57	9.40E-05	1
300	2.10E+07	912.13	9.57E-05	1
300	2.20E+07	918.37	9.74E-05	1
300	2.30E+07	924.31	9.89E-05	1
300	2.40E+07	929.99	1.00E-04	1
300	2.50E+07	935.42	1.02E-04	1
300	2.60E+07	940.64	1.03E-04	1
300	2.70E+07	945.67	1.05E-04	1
300	2.80E+07	950.51	1.06E-04	1
300	2.90E+07	955.18	1.08E-04	1
300	3.00E+07	959.7	1.09E-04	1
300	3.10E+07	964.07	1.11E-04	1
300	3.20E+07	968.32	1.12E-04	1
300	3.30E+07	972.43	1.13E-04	1
300	3.40E+07	976.43	1.14E-04	1
300	3.50E+07	980.32	1.16E-04	1
300	3.60E+07	984.11	1.17E-04	1
300	3.70E+07	987.8	1.18E-04	1
300	3.80E+07	991.4	1.20E-04	1
300	3.90E+07	994.92	1.21E-04	1
300	4.00E+07	998.35	1.22E-04	1
300	4.10E+07	1001.7	1.23E-04	1
300	4.20E+07	1005	1.24E-04	1
300	4.30E+07	1008.2	1.26E-04	1
300	4.40E+07	1011.3	1.27E-04	1
300	4.50E+07	1014.4	1.28E-04	1
300	4.60E+07	1017.4	1.29E-04	1
300	4.70E+07	1020.4	1.30E-04	1
300	4.80E+07	1023.3	1.31E-04	1
300	4.90E+07	1026.1	1.32E-04	1
300	5.00E+07	1028.9	1.34E-04	1
301	1.00E+06	18.506	1.52E-05	0
301	2.00E+06	39.233	1.53E-05	0
301	3.00E+06	62.999	1.56E-05	0
301	4.00E+06	91.245	1.60E-05	0
301	5.00E+06	126.94	1.66E-05	0
301	6.00E+06	178.51	1.78E-05	0
301	6.87E+06	286.15	2.16E-05	0
301	6.87E+06	658.69	5.07E-05	1
301	7.00E+06	677.39	5.30E-05	1
301	8.00E+06	738.82	6.15E-05	1
301	9.00E+06	770.09	6.64E-05	1
301	1.00E+07	792.48	7.02E-05	1
301	1.10E+07	810.28	7.34E-05	1
301	1.20E+07	825.2	7.63E-05	1
301	1.30E+07	838.13	7.88E-05	1
301	1.40E+07	849.6	8.12E-05	1
301	1.50E+07	859.93	8.34E-05	1
301	1.60E+07	869.37	8.55E-05	1
301	1.70E+07	878.07	8.74E-05	1
301	1.80E+07	886.16	8.93E-05	1
301	1.90E+07	893.72	9.11E-05	1
301	2.00E+07	900.83	9.29E-05	1
301	2.10E+07	907.54	9.45E-05	1
301	2.20E+07	913.91	9.62E-05	1
301	2.30E+07	919.98	9.78E-05	1
301	2.40E+07	925.77	9.93E-05	1
301	2.50E+07	931.31	1.01E-04	1
301	2.60E+07	936.62	1.02E-04	1
301	2.70E+07	941.73	1.04E-04	1
301	2.80E+07	946.65	1.05E-04	1
301	2.90E+07	951.4	1.07E-04	1
301	3.00E+07	955.99	1.08E-04	1
301	3.10E+07	960.44	1.09E-04	1
301	3.20E+07	964.74	1.11E-04	1
301	3.30E+07	968.92	1.12E-04	1
301	3.40E+07	972.97	1.13E-04	1
301	3.50E+07	976.92	1.15E-04	1
301	3.60E+07	980.76	1.16E-04	1
301	3.70E+07	984.49	1.17E-04	1
301	3.80E+07	988.14	1.18E-04	1
301	3.90E+07	991.7	1.20E-04	1
301	4.00E+07	995.17	1.21E-04	1
301	4.10E+07	998.56	1.22E-04	1
301	4.20E+07	1001.9	1.23E-04	1
301	4.30E+07	1005.1	1.24E-04	1
301	4.40E+07	1008.3	1.26E-04	1
301	4.50E+07	1011.4	1.27E-04	1
301	4.60E+07	1014.5	1.28E-04	1
301	4.70E+07	1017.5	1.29E-04	1
301	4.80E+07	1020.4	1.30E-04	1
301	4.90E+07	1023.3	1.31E-04	1
301	5.00E+07	1026.1	1.32E-04	1
302	1.00E+06	18.434	1.52E-05	0
302	2.00E+06	39.047	1.54E-05	0
302	3.00E+06	62.629	1.56E-05	0
302	4.00E+06	90.544	1.60E-05	0
302	5.00E+06	125.55	1.67E-05	0
302	6.00E+06	175.05	1.78E-05	0
302	7.00E+06	295.97	2.21E-05	0
302	7.03E+06	308.15	2.26E-05	0
302	7.03E+06	633.69	4.78E-05	1
302	8.00E+06	722.85	5.92E-05	1
302	9.00E+06	758.55	6.46E-05	1
302	1.00E+07	782.97	6.86E-05	1
302	1.10E+07	801.98	7.19E-05	1
302	1.20E+07	817.74	7.49E-05	1
302	1.30E+07	831.29	7.75E-05	1
302	1.40E+07	843.24	7.99E-05	1
302	1.50E+07	853.96	8.21E-05	1
302	1.60E+07	863.72	8.42E-05	1
302	1.70E+07	872.69	8.62E-05	1
302	1.80E+07	881	8.81E-05	1
302	1.90E+07	888.76	8.99E-05	1
302	2.00E+07	896.05	9.17E-05	1
302	2.10E+07	902.92	9.34E-05	1
302	2.20E+07	909.43	9.50E-05	1
302	2.30E+07	915.62	9.66E-05	1
302	2.40E+07	921.52	9.82E-05	1
302	2.50E+07	927.17	9.97E-05	1
302	2.60E+07	932.58	1.01E-04	1
302	2.70E+07	937.78	1.03E-04	1
302	2.80E+07	942.79	1.04E-04	1
302	2.90E+07	947.61	1.05E-04	1
302	3.00E+07	952.28	1.07E-04	1
302	3.10E+07	956.79	1.08E-04	1
302	3.20E+07	961.15	1.10E-04	1
302	3.30E+07	965.39	1.11E-04	1
302	3.40E+07	969.5	1.12E-04	1
302	3.50E+07	973.5	1.13E-04	1
302	3.60E+07	977.39	1.15E-04	1
302	3.70E+07	981.18	1.16E-04	1
302	3.80E+07	984.87	1.17E-04	1
302	3.90E+07	988.47	1.18E-04	1
302	4.00E+07	991.98	1.20E-04	1
302	4.10E+07	995.42	1.21E-04	1
302	4.20E+07	998.77	1.22E-04	1
302	4.30E+07	1002.1	1.23E-04	1
302	4.40E+07	1005.3	1.24E-04	1
302	4.50E+07	1008.4	1.26E-04	1
302	4.60E+07	1011.5	1.27E-04	1
302	4.70E+07	1014.5	1.28E-04	1
302	4.80E+07	1017.5	1.29E-04	1
302	4.90E+07	1020.4	1.30E-04	1
302	5.00E+07	1023.2	1.31E-04	1
303	1.00E+06	18.362	1.53E-05	0
303	2.00E+06	38.865	1.54E-05	0
303	3.00E+06	62.265	1.57E-05	0
303	4.00E+06	89.86	1.61E-05	0
303	5.00E+06	124.21	1.67E-05	0
303	6.00E+06	171.89	1.78E-05	0
303	7.00E+06	269.26	2.10E-05	0
303	7.19E+06	339	2.42E-05	0
303	7.19E+06	599.86	4.41E-05	1
303	8.00E+06	704.69	5.67E-05	1
303	9.00E+06	746.23	6.27E-05	1
303	1.00E+07	773.03	6.70E-05	1
303	1.10E+07	793.41	7.04E-05	1
303	1.20E+07	810.09	7.34E-05	1
303	1.30E+07	824.31	7.61E-05	1
303	1.40E+07	836.77	7.86E-05	1
303	1.50E+07	847.9	8.09E-05	1
303	1.60E+07	857.99	8.30E-05	1
303	1.70E+07	867.24	8.50E-05	1
303	1.80E+07	875.79	8.69E-05	1
303	1.90E+07	883.76	8.87E-05	1
303	2.00E+07	891.22	9.05E-05	1
303	2.10E+07	898.26	9.22E-05	1
303	2.20E+07	904.91	9.39E-05	1
303	2.30E+07	911.24	9.55E-05	1
303	2.40E+07	917.26	9.70E-05	1
303	2.50E+07	923.01	9.86E-05	1
303	2.60E+07	928.52	1.00E-04	1
303	2.70E+07	933.81	1.02E-04	1
303	2.80E+07	938.9	1.03E-04	1
303	2.90E+07	943.81	1.04E-04	1
303	3.00E+07	948.54	1.06E-04	1
303	3.10E+07	953.12	1.07E-04	1
303	3.20E+07	957.55	1.08E-04	1
303	3.30E+07	961.85	1.10E-04	1
303	3.40E+07	966.02	1.11E-04	1
303	3.50E+07	970.07	1.12E-04	1
303	3.60E+07	974.01	1.14E-04	1
303	3.70E+07	977.85	1.15E-04	1
303	3.80E+07	981.59	1.16E-04	1
303	3.90E+07	985.23	1.17E-04	1
303	4.00E+07	988.79	1.19E-04	1
303	4.10E+07	992.26	1.20E-04	1
303	4.20E+07	995.66	1.21E-04	1
303	4.30E+07	998.98	1.22E-04	1
303	4.40E+07	1002.2	1.23E-04	1
303	4.50E+07	1005.4	1.24E-04	1
303	4.60E+07	1008.5	1.26E-04	1
303	4.70E+07	1011.6	1.27E-04	1
303	4.80E+07	1014.6	1.28E-04	1
303	4.90E+07	1017.5	1.29E-04	1
303	5.00E+07	1020.4	1.30E-04	1
304	1.00E+06	18.291	1.53E-05	0
304	2.00E+06	38.684	1.55E-05	0
304	3.00E+06	61.907	1.57E-05	0
304	4.00E+06	89.194	1.61E-05	0
304	5.00E+06	122.93	1.67E-05	0
304	6.00E+06	168.97	1.78E-05	0
304	7.00E+06	254.07	2.05E-05	0
304	7.36E+06	406.42	2.81E-05	0
304	7.36E+06	530.3	3.74E-05	1
304	8.00E+06	683.31	5.39E-05	1
304	9.00E+06	732.99	6.07E-05	1
304	1.00E+07	762.61	6.53E-05	1
304	1.10E+07	784.55	6.89E-05	1
304	1.20E+07	802.23	7.20E-05	1
304	1.30E+07	817.17	7.48E-05	1
304	1.40E+07	830.18	7.73E-05	1
304	1.50E+07	841.74	7.96E-05	1
304	1.60E+07	852.18	8.18E-05	1
304	1.70E+07	861.72	8.38E-05	1
304	1.80E+07	870.52	8.57E-05	1
304	1.90E+07	878.71	8.76E-05	1
304	2.00E+07	886.36	8.94E-05	1
304	2.10E+07	893.56	9.11E-05	1
304	2.20E+07	900.37	9.27E-05	1
304	2.30E+07	906.82	9.44E-05	1
304	2.40E+07	912.96	9.59E-05	1
304	2.50E+07	918.83	9.75E-05	1
304	2.60E+07	924.44	9.89E-05	1
304	2.70E+07	929.83	1.00E-04	1
304	2.80E+07	935	1.02E-04	1
304	2.90E+07	939.99	1.03E-04	1
304	3.00E+07	944.8	1.05E-04	1
304	3.10E+07	949.45	1.06E-04	1
304	3.20E+07	953.95	1.07E-04	1
304	3.30E+07	958.3	1.09E-04	1
304	3.40E+07	962.53	1.10E-04	1
304	3.50E+07	966.64	1.11E-04	1
304	3.60E+07	970.63	1.12E-04	1
304	3.70E+07	974.52	1.14E-04	1
304	3.80E+07	978.3	1.15E-04	1
304	3.90E+07	981.99	1.16E-04	1
304	4.00E+07	985.59	1.17E-04	1
304	4.10E+07	989.11	1.19E-04	1
304	4.20E+07	992.54	1.20E-04	1
304	4.30E+07	995.9	1.21E-04	1
304	4.40E+07	999.18	1.22E-04	1
304	4.50E+07	1002.4	1.23E-04	1
304	4.60E+07	1005.5	1.24E-04	1
304	4.70E+07	1008.6	1.26E-04	1
304	4.80E+07	1011.7	1.27E-04	1
304	4.90E+07	1014.6	1.28E-04	1
304	5.00E+07	1017.5	1.29E-04	1
305	1.00E+06	18.221	1.54E-05	0
305	2.00E+06	38.506	1.55E-05	0
305	3.00E+06	61.556	1.58E-05	0
305	4.00E+06	88.544	1.62E-05	0
305	5.00E+06	121.69	1.67E-05	0
305	6.00E+06	166.26	1.77E-05	0
305	7.00E+06	243.08	2.01E-05	0
305	8.00E+06	656.77	5.06E-05	0
305	8.00E+06	656.77	5.06E-05	2
305	8.00E+06	656.77	5.06E-05	2
305	9.00E+06	718.62	5.87E-05	2
305	1.00E+07	751.67	6.36E-05	2
305	1.10E+07	775.36	6.74E-05	2
305	1.20E+07	794.15	7.06E-05	2
305	1.30E+07	809.87	7.35E-05	2
305	1.40E+07	823.46	7.60E-05	2
305	1.50E+07	835.48	7.84E-05	2
305	1.60E+07	846.29	8.05E-05	2
305	1.70E+07	856.14	8.26E-05	2
305	1.80E+07	865.2	8.46E-05	2
305	1.90E+07	873.61	8.64E-05	2
305	2.00E+07	881.46	8.82E-05	2
305	2.10E+07	888.83	9.00E-05	2
305	2.20E+07	895.79	9.16E-05	2
305	2.30E+07	902.38	9.32E-05	2
305	2.40E+07	908.65	9.48E-05	2
305	2.50E+07	914.62	9.64E-05	2
305	2.60E+07	920.34	9.78E-05	2
305	2.70E+07	925.82	9.93E-05	2
305	2.80E+07	931.08	1.01E-04	2
305	2.90E+07	936.15	1.02E-04	2
305	3.00E+07	941.04	1.04E-04	2
305	3.10E+07	945.76	1.05E-04	2
305	3.20E+07	950.32	1.06E-04	2
305	3.30E+07	954.75	1.08E-04	2
305	3.40E+07	959.03	1.09E-04	2
305	3.50E+07	963.2	1.10E-04	2
305	3.60E+07	967.24	1.11E-04	2
305	3.70E+07	971.18	1.13E-04	2
305	3.80E+07	975.01	1.14E-04	2
305	3.90E+07	978.75	1.15E-04	2
305	4.00E+07	982.39	1.16E-04	2
305	4.10E+07	985.94	1.17E-04	2
305	4.20E+07	989.42	1.19E-04	2
305	4.30E+07	992.81	1.20E-04	2
305	4.40E+07	996.13	1.21E-04	2
305	4.50E+07	999.38	1.22E-04	2
305	4.60E+07	1002.6	1.23E-04	2
305	4.70E+07	1005.7	1.24E-04	2
305	4.80E+07	1008.7	1.26E-04	2
305	4.90E+07	1011.7	1.27E-04	2
305	5.00E+07	1014.7	1.28E-04	2
306	1.00E+06	18.151	1.54E-05	0
306	2.00E+06	38.329	1.56E-05	0
306	3.00E+06	61.21	1.58E-05	0
306	4.00E+06	87.908	1.62E-05	0
306	5.00E+06	120.5	1.68E-05	0
306	6.00E+06	163.73	1.77E-05	0
306	7.00E+06	234.38	1.99E-05	0
306	8.00E+06	620.55	4.64E-05	0
306	8.00E+06	620.55	4.64E-05	2
306	8.00E+06	620.55	4.64E-05	2
306	9.00E+06	702.85	5.65E-05	2
306	1.00E+07	740.13	6.19E-05	2
306	1.10E+07	765.82	6.59E-05	2
306	1.20E+07	785.83	6.92E-05	2
306	1.30E+07	802.4	7.21E-05	2
306	1.40E+07	816.61	7.47E-05	2
306	1.50E+07	829.11	7.71E-05	2
306	1.60E+07	840.31	7.93E-05	2
306	1.70E+07	850.48	8.14E-05	2
306	1.80E+07	859.82	8.34E-05	2
306	1.90E+07	868.46	8.53E-05	2
306	2.00E+07	876.51	8.71E-05	2
306	2.10E+07	884.06	8.88E-05	2
306	2.20E+07	891.17	9.05E-05	2
306	2.30E+07	897.91	9.21E-05	2
306	2.40E+07	904.3	9.37E-05	2
306	2.50E+07	910.4	9.53E-05	2
306	2.60E+07	916.22	9.68E-05	2
306	2.70E+07	921.8	9.82E-05	2
306	2.80E+07	927.15	9.97E-05	2
306	2.90E+07	932.3	1.01E-04	2
306	3.00E+07	937.27	1.02E-04	2
306	3.10E+07	942.06	1.04E-04	2
306	3.20E+07	946.69	1.05E-04	2
306	3.30E+07	951.18	1.06E-04	2
306	3.40E+07	955.52	1.08E-04	2
306	3.50E+07	959.74	1.09E-04	2
306	3.60E+07	963.84	1.10E-04	2
306	3.70E+07	967.83	1.12E-04	2
306	3.80E+07	971.71	1.13E-04	2
306	3.90E+07	975.49	1.14E-04	2
306	4.00E+07	979.18	1.15E-04	2
306	4.10E+07	982.78	1.16E-04	2
306	4.20E+07	986.29	1.18E-04	2
306	4.30E+07	989.72	1.19E-04	2
306	4.40E+07	993.08	1.20E-04	2
306	4.50E+07	996.37	1.21E-04	2
306	4.60E+07	999.58	1.22E-04	2
306	4.70E+07	1002.7	1.23E-04	2
306	4.80E+07	1005.8	1.24E-04	2
306	4.90E+07	1008.8	1.26E-04	2
306	5.00E+07	1011.8	1.27E-04	2
307	1.00E+06	18.082	1.54E-05	0
307	2.00E+06	38.155	1.56E-05	0
307	3.00E+06	60.87	1.59E-05	0
307	4.00E+06	87.288	1.62E-05	0
307	5.00E+06	119.35	1.68E-05	0
307	6.00E+06	161.35	1.77E-05	0
307	7.00E+06	227.15	1.97E-05	0
307	8.00E+06	560.25	4.03E-05	0
307	8.00E+06	560.25	4.03E-05	2
307	8.00E+06	560.25	4.03E-05	2
307	9.00E+06	685.29	5.42E-05	2
307	1.00E+07	727.89	6.01E-05	2
307	1.10E+07	755.89	6.43E-05	2
307	1.20E+07	777.26	6.78E-05	2
307	1.30E+07	794.74	7.08E-05	2
307	1.40E+07	809.62	7.35E-05	2
307	1.50E+07	822.64	7.59E-05	2
307	1.60E+07	834.25	7.81E-05	2
307	1.70E+07	844.76	8.03E-05	2
307	1.80E+07	854.38	8.23E-05	2
307	1.90E+07	863.26	8.42E-05	2
307	2.00E+07	871.52	8.60E-05	2
307	2.10E+07	879.25	8.77E-05	2
307	2.20E+07	886.53	8.94E-05	2
307	2.30E+07	893.41	9.11E-05	2
307	2.40E+07	899.93	9.26E-05	2
307	2.50E+07	906.15	9.42E-05	2
307	2.60E+07	912.08	9.57E-05	2
307	2.70E+07	917.75	9.72E-05	2
307	2.80E+07	923.2	9.86E-05	2
307	2.90E+07	928.44	1.00E-04	2
307	3.00E+07	933.48	1.01E-04	2
307	3.10E+07	938.35	1.03E-04	2
307	3.20E+07	943.05	1.04E-04	2
307	3.30E+07	947.6	1.05E-04	2
307	3.40E+07	952.01	1.07E-04	2
307	3.50E+07	956.28	1.08E-04	2
307	3.60E+07	960.44	1.09E-04	2
307	3.70E+07	964.48	1.10E-04	2
307	3.80E+07	968.41	1.12E-04	2
307	3.90E+07	972.23	1.13E-04	2
307	4.00E+07	975.96	1.14E-04	2
307	4.10E+07	979.6	1.15E-04	2
307	4.20E+07	983.16	1.16E-04	2
307	4.30E+07	986.63	1.18E-04	2
307	4.40E+07	990.02	1.19E-04	2
307	4.50E+07	993.34	1.20E-04	2
307	4.60E+07	996.59	1.21E-04	2
307	4.70E+07	999.78	1.22E-04	2
307	4.80E+07	1002.9	1.23E-04	2
307	4.90E+07	1006	1.24E-04	2
307	5.00E+07	1008.9	1.25E-04	2
308	1.00E+06	18.013	1.55E-05	0
308	2.00E+06	37.983	1.57E-05	0
308	3.00E+06	60.535	1.59E-05	0
308	4.00E+06	86.681	1.63E-05	0
308	5.00E+06	118.24	1.68E-05	0
308	6.00E+06	159.11	1.77E-05	0
308	7.00E+06	220.94	1.95E-05	0
308	8.00E+06	436.24	3.03E-05	0
308	8.00E+06	436.24	3.03E-05	2
308	8.00E+06	436.24	3.03E-05	2
308	9.00E+06	665.37	5.18E-05	2
308	1.00E+07	714.84	5.83E-05	2
308	1.10E+07	745.54	6.28E-05	2
308	1.20E+07	768.42	6.64E-05	2
308	1.30E+07	786.89	6.94E-05	2
308	1.40E+07	802.49	7.22E-05	2
308	1.50E+07	816.06	7.47E-05	2
308	1.60E+07	828.1	7.70E-05	2
308	1.70E+07	838.96	7.91E-05	2
308	1.80E+07	848.87	8.11E-05	2
308	1.90E+07	858	8.30E-05	2
308	2.00E+07	866.48	8.49E-05	2
308	2.10E+07	874.4	8.66E-05	2
308	2.20E+07	881.85	8.83E-05	2
308	2.30E+07	888.88	9.00E-05	2
308	2.40E+07	895.54	9.16E-05	2
308	2.50E+07	901.87	9.31E-05	2
308	2.60E+07	907.91	9.46E-05	2
308	2.70E+07	913.69	9.61E-05	2
308	2.80E+07	919.23	9.75E-05	2
308	2.90E+07	924.56	9.90E-05	2
308	3.00E+07	929.68	1.00E-04	2
308	3.10E+07	934.62	1.02E-04	2
308	3.20E+07	939.39	1.03E-04	2
308	3.30E+07	944.01	1.04E-04	2
308	3.40E+07	948.48	1.06E-04	2
308	3.50E+07	952.81	1.07E-04	2
308	3.60E+07	957.02	1.08E-04	2
308	3.70E+07	961.11	1.09E-04	2
308	3.80E+07	965.09	1.11E-04	2
308	3.90E+07	968.97	1.12E-04	2
308	4.00E+07	972.74	1.13E-04	2
308	4.10E+07	976.43	1.14E-04	2
308	4.20E+07	980.02	1.15E-04	2
308	4.30E+07	983.53	1.17E-04	2
308	4.40E+07	986.96	1.18E-04	2
308	4.50E+07	990.32	1.19E-04	2
308	4.60E+07	993.6	1.20E-04	2
308	4.70E+07	996.82	1.21E-04	2
308	4.80E+07	999.97	1.22E-04	2
308	4.90E+07	1003.1	1.23E-04	2
308	5.00E+07	1006.1	1.24E-04	2
309	1.00E+06	17.945	1.55E-05	0
309	2.00E+06	37.813	1.57E-05	0
309	3.00E+06	60.206	1.60E-05	0
309	4.00E+06	86.088	1.63E-05	0
309	5.00E+06	117.17	1.69E-05	0
309	6.00E+06	156.99	1.77E-05	0
309	7.00E+06	215.49	1.94E-05	0
309	8.00E+06	361.14	2.57E-05	0
309	8.00E+06	361.14	2.57E-05	2
309	8.00E+06	361.14	2.57E-05	2
309	9.00E+06	642.28	4.90E-05	2
309	1.00E+07	700.86	5.64E-05	2
309	1.10E+07	734.72	6.12E-05	2
309	1.20E+07	759.29	6.49E-05	2
309	1.30E+07	778.85	6.81E-05	2
309	1.40E+07	795.21	7.09E-05	2
309	1.50E+07	809.36	7.35E-05	2
309	1.60E+07	821.86	7.58E-05	2
309	1.70E+07	833.09	7.80E-05	2
309	1.80E+07	843.31	8.00E-05	2
309	1.90E+07	852.7	8.19E-05	2
309	2.00E+07	861.4	8.38E-05	2
309	2.10E+07	869.52	8.56E-05	2
309	2.20E+07	877.14	8.73E-05	2
309	2.30E+07	884.32	8.89E-05	2
309	2.40E+07	891.12	9.05E-05	2
309	2.50E+07	897.57	9.21E-05	2
309	2.60E+07	903.73	9.36E-05	2
309	2.70E+07	909.61	9.51E-05	2
309	2.80E+07	915.25	9.65E-05	2
309	2.90E+07	920.66	9.79E-05	2
309	3.00E+07	925.86	9.93E-05	2
309	3.10E+07	930.88	1.01E-04	2
309	3.20E+07	935.73	1.02E-04	2
309	3.30E+07	940.41	1.03E-04	2
309	3.40E+07	944.94	1.05E-04	2
309	3.50E+07	949.34	1.06E-04	2
309	3.60E+07	953.6	1.07E-04	2
309	3.70E+07	957.74	1.08E-04	2
309	3.80E+07	961.77	1.10E-04	2
309	3.90E+07	965.7	1.11E-04	2
309	4.00E+07	969.52	1.12E-04	2
309	4.10E+07	973.24	1.13E-04	2
309	4.20E+07	976.88	1.14E-04	2
309	4.30E+07	980.43	1.16E-04	2
309	4.40E+07	983.9	1.17E-04	2
309	4.50E+07	987.29	1.18E-04	2
309	4.60E+07	990.61	1.19E-04	2
309	4.70E+07	993.86	1.20E-04	2
309	4.80E+07	997.04	1.21E-04	2
309	4.90E+07	1000.2	1.22E-04	2
309	5.00E+07	1003.2	1.23E-04	2
310	1.00E+06	17.878	1.56E-05	0
310	2.00E+06	37.645	1.58E-05	0
310	3.00E+06	59.881	1.60E-05	0
310	4.00E+06	85.508	1.64E-05	0
310	5.00E+06	116.13	1.69E-05	0
310	6.00E+06	154.99	1.77E-05	0
310	7.00E+06	210.63	1.93E-05	0
310	8.00E+06	327.71	2.40E-05	0
310	8.00E+06	327.71	2.40E-05	2
310	8.00E+06	327.71	2.40E-05	2
310	9.00E+06	614.87	4.60E-05	2
310	1.00E+07	685.77	5.44E-05	2
310	1.10E+07	723.38	5.95E-05	2
310	1.20E+07	749.85	6.35E-05	2
310	1.30E+07	770.59	6.68E-05	2
310	1.40E+07	787.78	6.97E-05	2
310	1.50E+07	802.54	7.22E-05	2
310	1.60E+07	815.52	7.46E-05	2
310	1.70E+07	827.14	7.68E-05	2
310	1.80E+07	837.68	7.89E-05	2
310	1.90E+07	847.34	8.08E-05	2
310	2.00E+07	856.27	8.27E-05	2
310	2.10E+07	864.59	8.45E-05	2
310	2.20E+07	872.39	8.62E-05	2
310	2.30E+07	879.73	8.79E-05	2
310	2.40E+07	886.67	8.95E-05	2
310	2.50E+07	893.25	9.10E-05	2
310	2.60E+07	899.52	9.26E-05	2
310	2.70E+07	905.51	9.40E-05	2
310	2.80E+07	911.25	9.55E-05	2
310	2.90E+07	916.75	9.69E-05	2
310	3.00E+07	922.04	9.83E-05	2
310	3.10E+07	927.13	9.96E-05	2
310	3.20E+07	932.05	1.01E-04	2
310	3.30E+07	936.8	1.02E-04	2
310	3.40E+07	941.4	1.04E-04	2
310	3.50E+07	945.85	1.05E-04	2
310	3.60E+07	950.17	1.06E-04	2
310	3.70E+07	954.37	1.07E-04	2
310	3.80E+07	958.45	1.09E-04	2
310	3.90E+07	962.42	1.10E-04	2
310	4.00E+07	966.29	1.11E-04	2
310	4.10E+07	970.06	1.12E-04	2
310	4.20E+07	973.73	1.13E-04	2
310	4.30E+07	977.32	1.14E-04	2
310	4.40E+07	980.83	1.16E-04	2
310	4.50E+07	984.26	1.17E-04	2
310	4.60E+07	987.61	1.18E-04	2
310	4.70E+07	990.9	1.19E-04	2
310	4.80E+07	994.11	1.20E-04	2
310	4.90E+07	997.26	1.21E-04	2
310	5.00E+07	1000.3	1.22E-04	2
311	1.00E+06	17.811	1.56E-05	0
311	2.00E+06	37.479	1.58E-05	0
311	3.00E+06	59.562	1.61E-05	0
311	4.00E+06	84.94	1.64E-05	0
311	5.00E+06	115.12	1.69E-05	0
311	6.00E+06	153.08	1.77E-05	0
311	7.00E+06	206.24	1.92E-05	0
311	8.00E+06	306.71	2.31E-05	0
311	8.00E+06	306.71	2.31E-05	2
311	8.00E+06	306.71	2.31E-05	2
311	9.00E+06	581.56	4.26E-05	2
311	1.00E+07	669.38	5.24E-05	2
311	1.10E+07	711.45	5.79E-05	2
311	1.20E+07	740.06	6.20E-05	2
311	1.30E+07	762.1	6.54E-05	2
311	1.40E+07	780.18	6.84E-05	2
311	1.50E+07	795.6	7.10E-05	2
311	1.60E+07	809.08	7.35E-05	2
311	1.70E+07	821.11	7.57E-05	2
311	1.80E+07	831.98	7.78E-05	2
311	1.90E+07	841.92	7.98E-05	2
311	2.00E+07	851.1	8.16E-05	2
311	2.10E+07	859.63	8.34E-05	2
311	2.20E+07	867.61	8.52E-05	2
311	2.30E+07	875.11	8.68E-05	2
311	2.40E+07	882.19	8.85E-05	2
311	2.50E+07	888.91	9.00E-05	2
311	2.60E+07	895.3	9.15E-05	2
311	2.70E+07	901.4	9.30E-05	2
311	2.80E+07	907.23	9.45E-05	2
311	2.90E+07	912.82	9.59E-05	2
311	3.00E+07	918.19	9.73E-05	2
311	3.10E+07	923.37	9.86E-05	2
311	3.20E+07	928.36	1.00E-04	2
311	3.30E+07	933.18	1.01E-04	2
311	3.40E+07	937.84	1.03E-04	2
311	3.50E+07	942.35	1.04E-04	2
311	3.60E+07	946.73	1.05E-04	2
311	3.70E+07	950.98	1.06E-04	2
311	3.80E+07	955.12	1.08E-04	2
311	3.90E+07	959.14	1.09E-04	2
311	4.00E+07	963.05	1.10E-04	2
311	4.10E+07	966.86	1.11E-04	2
311	4.20E+07	970.58	1.12E-04	2
311	4.30E+07	974.21	1.13E-04	2
311	4.40E+07	977.76	1.15E-04	2
311	4.50E+07	981.22	1.16E-04	2
311	4.60E+07	984.61	1.17E-04	2
311	4.70E+07	987.93	1.18E-04	2
311	4.80E+07	991.18	1.19E-04	2
311	4.90E+07	994.36	1.20E-04	2
311	5.00E+07	997.48	1.21E-04	2
312	1.00E+06	17.745	1.57E-05	0
312	2.00E+06	37.314	1.59E-05	0
312	3.00E+06	59.247	1.61E-05	0
312	4.00E+06	84.383	1.65E-05	0
312	5.00E+06	114.14	1.70E-05	0
312	6.00E+06	151.25	1.78E-05	0
312	7.00E+06	202.23	1.91E-05	0
312	8.00E+06	291.46	2.24E-05	0
312	8.00E+06	291.46	2.24E-05	2
312	8.00E+06	291.46	2.24E-05	2
312	9.00E+06	540.48	3.87E-05	2
312	1.00E+07	651.45	5.02E-05	2
312	1.10E+07	698.88	5.62E-05	2
312	1.20E+07	729.92	6.06E-05	2
312	1.30E+07	753.38	6.41E-05	2
312	1.40E+07	772.42	6.71E-05	2
312	1.50E+07	788.53	6.98E-05	2
312	1.60E+07	802.55	7.23E-05	2
312	1.70E+07	815	7.46E-05	2
312	1.80E+07	826.22	7.67E-05	2
312	1.90E+07	836.45	7.87E-05	2
312	2.00E+07	845.88	8.06E-05	2
312	2.10E+07	854.62	8.24E-05	2
312	2.20E+07	862.79	8.41E-05	2
312	2.30E+07	870.46	8.58E-05	2
312	2.40E+07	877.69	8.74E-05	2
312	2.50E+07	884.54	8.90E-05	2
312	2.60E+07	891.05	9.05E-05	2
312	2.70E+07	897.26	9.20E-05	2
312	2.80E+07	903.19	9.35E-05	2
312	2.90E+07	908.88	9.49E-05	2
312	3.00E+07	914.34	9.63E-05	2
312	3.10E+07	919.59	9.76E-05	2
312	3.20E+07	924.66	9.90E-05	2
312	3.30E+07	929.55	1.00E-04	2
312	3.40E+07	934.27	1.02E-04	2
312	3.50E+07	938.85	1.03E-04	2
312	3.60E+07	943.29	1.04E-04	2
312	3.70E+07	947.59	1.05E-04	2
312	3.80E+07	951.78	1.07E-04	2
312	3.90E+07	955.85	1.08E-04	2
312	4.00E+07	959.81	1.09E-04	2
312	4.10E+07	963.67	1.10E-04	2
312	4.20E+07	967.43	1.11E-04	2
312	4.30E+07	971.1	1.12E-04	2
312	4.40E+07	974.68	1.14E-04	2
312	4.50E+07	978.19	1.15E-04	2
312	4.60E+07	981.61	1.16E-04	2
312	4.70E+07	984.96	1.17E-04	2
312	4.80E+07	988.24	1.18E-04	2
312	4.90E+07	991.45	1.19E-04	2
312	5.00E+07	994.6	1.20E-04	2
313	1.00E+06	17.679	1.57E-05	0
313	2.00E+06	37.152	1.59E-05	0
313	3.00E+06	58.938	1.62E-05	0
313	4.00E+06	83.838	1.65E-05	0
313	5.00E+06	113.19	1.70E-05	0
313	6.00E+06	149.51	1.78E-05	0
313	7.00E+06	198.55	1.91E-05	0
313	8.00E+06	279.49	2.20E-05	0
313	8.00E+06	279.49	2.20E-05	2
313	8.00E+06	279.49	2.20E-05	2
313	9.00E+06	492.75	3.47E-05	2
313	1.00E+07	631.74	4.80E-05	2
313	1.10E+07	685.58	5.45E-05	2
313	1.20E+07	719.38	5.91E-05	2
313	1.30E+07	744.41	6.27E-05	2
313	1.40E+07	764.47	6.59E-05	2
313	1.50E+07	781.32	6.86E-05	2
313	1.60E+07	795.91	7.11E-05	2
313	1.70E+07	808.8	7.34E-05	2
313	1.80E+07	820.39	7.56E-05	2
313	1.90E+07	830.93	7.76E-05	2
313	2.00E+07	840.61	7.95E-05	2
313	2.10E+07	849.57	8.14E-05	2
313	2.20E+07	857.93	8.31E-05	2
313	2.30E+07	865.77	8.48E-05	2
313	2.40E+07	873.16	8.64E-05	2
313	2.50E+07	880.15	8.80E-05	2
313	2.60E+07	886.78	8.95E-05	2
313	2.70E+07	893.1	9.10E-05	2
313	2.80E+07	899.14	9.25E-05	2
313	2.90E+07	904.92	9.39E-05	2
313	3.00E+07	910.47	9.53E-05	2
313	3.10E+07	915.81	9.67E-05	2
313	3.20E+07	920.95	9.80E-05	2
313	3.30E+07	925.91	9.93E-05	2
313	3.40E+07	930.7	1.01E-04	2
313	3.50E+07	935.34	1.02E-04	2
313	3.60E+07	939.84	1.03E-04	2
313	3.70E+07	944.2	1.04E-04	2
313	3.80E+07	948.43	1.06E-04	2
313	3.90E+07	952.55	1.07E-04	2
313	4.00E+07	956.56	1.08E-04	2
313	4.10E+07	960.46	1.09E-04	2
313	4.20E+07	964.27	1.10E-04	2
313	4.30E+07	967.98	1.11E-04	2
313	4.40E+07	971.6	1.13E-04	2
313	4.50E+07	975.14	1.14E-04	2
313	4.60E+07	978.61	1.15E-04	2
313	4.70E+07	981.99	1.16E-04	2
313	4.80E+07	985.3	1.17E-04	2
313	4.90E+07	988.55	1.18E-04	2
313	5.00E+07	991.73	1.19E-04	2
314	1.00E+06	17.614	1.58E-05	0
314	2.00E+06	36.991	1.60E-05	0
314	3.00E+06	58.633	1.62E-05	0
314	4.00E+06	83.304	1.65E-05	0
314	5.00E+06	112.27	1.70E-05	0
314	6.00E+06	147.85	1.78E-05	0
314	7.00E+06	195.14	1.90E-05	0
314	8.00E+06	269.64	2.16E-05	0
314	8.00E+06	269.64	2.16E-05	2
314	8.00E+06	269.64	2.16E-05	2
314	9.00E+06	446.54	3.13E-05	2
314	1.00E+07	610	4.57E-05	2
314	1.10E+07	671.49	5.28E-05	2
314	1.20E+07	708.41	5.76E-05	2
314	1.30E+07	735.17	6.14E-05	2
314	1.40E+07	756.35	6.46E-05	2
314	1.50E+07	773.99	6.74E-05	2
314	1.60E+07	789.16	7.00E-05	2
314	1.70E+07	802.53	7.23E-05	2
314	1.80E+07	814.49	7.45E-05	2
314	1.90E+07	825.34	7.66E-05	2
314	2.00E+07	835.29	7.85E-05	2
314	2.10E+07	844.48	8.03E-05	2
314	2.20E+07	853.04	8.21E-05	2
314	2.30E+07	861.06	8.38E-05	2
314	2.40E+07	868.6	8.54E-05	2
314	2.50E+07	875.73	8.70E-05	2
314	2.60E+07	882.49	8.86E-05	2
314	2.70E+07	888.93	9.00E-05	2
314	2.80E+07	895.07	9.15E-05	2
314	2.90E+07	900.95	9.29E-05	2
314	3.00E+07	906.59	9.43E-05	2
314	3.10E+07	912	9.57E-05	2
314	3.20E+07	917.22	9.70E-05	2
314	3.30E+07	922.25	9.83E-05	2
314	3.40E+07	927.12	9.96E-05	2
314	3.50E+07	931.82	1.01E-04	2
314	3.60E+07	936.37	1.02E-04	2
314	3.70E+07	940.79	1.03E-04	2
314	3.80E+07	945.08	1.05E-04	2
314	3.90E+07	949.25	1.06E-04	2
314	4.00E+07	953.31	1.07E-04	2
314	4.10E+07	957.26	1.08E-04	2
314	4.20E+07	961.1	1.09E-04	2
314	4.30E+07	964.86	1.10E-04	2
314	4.40E+07	968.52	1.12E-04	2
314	4.50E+07	972.1	1.13E-04	2
314	4.60E+07	975.6	1.14E-04	2
314	4.70E+07	979.02	1.15E-04	2
314	4.80E+07	982.36	1.16E-04	2
314	4.90E+07	985.64	1.17E-04	2
314	5.00E+07	988.85	1.18E-04	2
315	1.00E+06	17.549	1.58E-05	0
315	2.00E+06	36.832	1.60E-05	0
315	3.00E+06	58.332	1.63E-05	0
315	4.00E+06	82.781	1.66E-05	0
315	5.00E+06	111.37	1.71E-05	0
315	6.00E+06	146.25	1.78E-05	0
315	7.00E+06	191.97	1.90E-05	0
315	8.00E+06	261.29	2.14E-05	0
315	8.00E+06	261.29	2.14E-05	2
315	8.00E+06	261.29	2.14E-05	2
315	9.00E+06	408.37	2.88E-05	2
315	1.00E+07	586.02	4.32E-05	2
315	1.10E+07	656.53	5.10E-05	2
315	1.20E+07	696.99	5.61E-05	2
315	1.30E+07	725.64	6.01E-05	2
315	1.40E+07	748.03	6.34E-05	2
315	1.50E+07	766.51	6.63E-05	2
315	1.60E+07	782.31	6.89E-05	2
315	1.70E+07	796.16	7.12E-05	2
315	1.80E+07	808.52	7.34E-05	2
315	1.90E+07	819.7	7.55E-05	2
315	2.00E+07	829.92	7.75E-05	2
315	2.10E+07	839.35	7.93E-05	2
315	2.20E+07	848.12	8.11E-05	2
315	2.30E+07	856.31	8.28E-05	2
315	2.40E+07	864.02	8.45E-05	2
315	2.50E+07	871.29	8.60E-05	2
315	2.60E+07	878.18	8.76E-05	2
315	2.70E+07	884.73	8.91E-05	2
315	2.80E+07	890.98	9.05E-05	2
315	2.90E+07	896.96	9.20E-05	2
315	3.00E+07	902.69	9.34E-05	2
315	3.10E+07	908.19	9.47E-05	2
315	3.20E+07	913.49	9.61E-05	2
315	3.30E+07	918.59	9.74E-05	2
315	3.40E+07	923.52	9.87E-05	2
315	3.50E+07	928.29	9.99E-05	2
315	3.60E+07	932.91	1.01E-04	2
315	3.70E+07	937.38	1.02E-04	2
315	3.80E+07	941.72	1.04E-04	2
315	3.90E+07	945.94	1.05E-04	2
315	4.00E+07	950.05	1.06E-04	2
315	4.10E+07	954.04	1.07E-04	2
315	4.20E+07	957.94	1.08E-04	2
315	4.30E+07	961.73	1.10E-04	2
315	4.40E+07	965.43	1.11E-04	2
315	4.50E+07	969.05	1.12E-04	2
315	4.60E+07	972.59	1.13E-04	2
315	4.70E+07	976.04	1.14E-04	2
315	4.80E+07	979.42	1.15E-04	2
315	4.90E+07	982.73	1.16E-04	2
315	5.00E+07	985.97	1.17E-04	2
316	1.00E+06	17.485	1.59E-05	0
316	2.00E+06	36.675	1.61E-05	0
316	3.00E+06	58.035	1.63E-05	0
316	4.00E+06	82.267	1.66E-05	0
316	5.00E+06	110.5	1.71E-05	0
316	6.00E+06	144.72	1.78E-05	0
316	7.00E+06	189	1.90E-05	0
316	8.00E+06	254.03	2.11E-05	0
316	8.00E+06	254.03	2.11E-05	2
316	8.00E+06	254.03	2.11E-05	2
316	9.00E+06	379.48	2.71E-05	2
316	1.00E+07	559.74	4.07E-05	2
316	1.10E+07	640.65	4.91E-05	2
316	1.20E+07	685.09	5.46E-05	2
316	1.30E+07	715.83	5.87E-05	2
316	1.40E+07	739.51	6.21E-05	2
316	1.50E+07	758.88	6.51E-05	2
316	1.60E+07	775.35	6.77E-05	2
316	1.70E+07	789.71	7.02E-05	2
316	1.80E+07	802.48	7.24E-05	2
316	1.90E+07	814	7.45E-05	2
316	2.00E+07	824.5	7.65E-05	2
316	2.10E+07	834.18	7.83E-05	2
316	2.20E+07	843.16	8.01E-05	2
316	2.30E+07	851.54	8.18E-05	2
316	2.40E+07	859.4	8.35E-05	2
316	2.50E+07	866.82	8.51E-05	2
316	2.60E+07	873.85	8.66E-05	2
316	2.70E+07	880.52	8.81E-05	2
316	2.80E+07	886.88	8.96E-05	2
316	2.90E+07	892.96	9.10E-05	2
316	3.00E+07	898.78	9.24E-05	2
316	3.10E+07	904.37	9.38E-05	2
316	3.20E+07	909.74	9.51E-05	2
316	3.30E+07	914.92	9.64E-05	2
316	3.40E+07	919.92	9.77E-05	2
316	3.50E+07	924.75	9.90E-05	2
316	3.60E+07	929.43	1.00E-04	2
316	3.70E+07	933.96	1.01E-04	2
316	3.80E+07	938.36	1.03E-04	2
316	3.90E+07	942.63	1.04E-04	2
316	4.00E+07	946.79	1.05E-04	2
316	4.10E+07	950.83	1.06E-04	2
316	4.20E+07	954.76	1.07E-04	2
316	4.30E+07	958.6	1.09E-04	2
316	4.40E+07	962.35	1.10E-04	2
316	4.50E+07	966	1.11E-04	2
316	4.60E+07	969.57	1.12E-04	2
316	4.70E+07	973.06	1.13E-04	2
316	4.80E+07	976.48	1.14E-04	2
316	4.90E+07	979.82	1.15E-04	2
316	5.00E+07	983.09	1.16E-04	2
317	1.00E+06	17.422	1.59E-05	0
317	2.00E+06	36.519	1.61E-05	0
317	3.00E+06	57.743	1.63E-05	0
317	4.00E+06	81.763	1.67E-05	0
317	5.00E+06	109.64	1.72E-05	0
317	6.00E+06	143.24	1.78E-05	0
317	7.00E+06	186.21	1.89E-05	0
317	8.00E+06	247.61	2.09E-05	0
317	8.00E+06	247.61	2.09E-05	2
317	8.00E+06	247.61	2.09E-05	2
317	9.00E+06	357.37	2.59E-05	2
317	1.00E+07	531.53	3.82E-05	2
317	1.10E+07	623.78	4.73E-05	2
317	1.20E+07	672.67	5.30E-05	2
317	1.30E+07	705.7	5.73E-05	2
317	1.40E+07	730.78	6.09E-05	2
317	1.50E+07	751.1	6.39E-05	2
317	1.60E+07	768.27	6.66E-05	2
317	1.70E+07	783.17	6.91E-05	2
317	1.80E+07	796.36	7.13E-05	2
317	1.90E+07	808.23	7.35E-05	2
317	2.00E+07	819.04	7.54E-05	2
317	2.10E+07	828.96	7.73E-05	2
317	2.20E+07	838.16	7.91E-05	2
317	2.30E+07	846.73	8.09E-05	2
317	2.40E+07	854.76	8.25E-05	2
317	2.50E+07	862.33	8.41E-05	2
317	2.60E+07	869.49	8.57E-05	2
317	2.70E+07	876.29	8.72E-05	2
317	2.80E+07	882.76	8.87E-05	2
317	2.90E+07	888.94	9.01E-05	2
317	3.00E+07	894.85	9.15E-05	2
317	3.10E+07	900.53	9.29E-05	2
317	3.20E+07	905.99	9.42E-05	2
317	3.30E+07	911.24	9.55E-05	2
317	3.40E+07	916.31	9.68E-05	2
317	3.50E+07	921.21	9.81E-05	2
317	3.60E+07	925.95	9.93E-05	2
317	3.70E+07	930.54	1.01E-04	2
317	3.80E+07	934.99	1.02E-04	2
317	3.90E+07	939.31	1.03E-04	2
317	4.00E+07	943.52	1.04E-04	2
317	4.10E+07	947.61	1.05E-04	2
317	4.20E+07	951.59	1.06E-04	2
317	4.30E+07	955.47	1.08E-04	2
317	4.40E+07	959.25	1.09E-04	2
317	4.50E+07	962.95	1.10E-04	2
317	4.60E+07	966.55	1.11E-04	2
317	4.70E+07	970.08	1.12E-04	2
317	4.80E+07	973.53	1.13E-04	2
317	4.90E+07	976.9	1.14E-04	2
317	5.00E+07	980.21	1.15E-04	2
318	1.00E+06	17.359	1.60E-05	0
318	2.00E+06	36.366	1.62E-05	0
318	3.00E+06	57.455	1.64E-05	0
318	4.00E+06	81.269	1.67E-05	0
318	5.00E+06	108.81	1.72E-05	0
318	6.00E+06	141.81	1.79E-05	0
318	7.00E+06	183.59	1.89E-05	0
318	8.00E+06	241.86	2.08E-05	0
318	8.00E+06	241.86	2.08E-05	2
318	8.00E+06	241.86	2.08E-05	2
318	9.00E+06	339.84	2.51E-05	2
318	1.00E+07	502.57	3.58E-05	2
318	1.10E+07	605.92	4.54E-05	2
318	1.20E+07	659.73	5.15E-05	2
318	1.30E+07	695.25	5.60E-05	2
318	1.40E+07	721.83	5.96E-05	2
318	1.50E+07	743.17	6.27E-05	2
318	1.60E+07	761.07	6.55E-05	2
318	1.70E+07	776.53	6.80E-05	2
318	1.80E+07	790.18	7.03E-05	2
318	1.90E+07	802.41	7.24E-05	2
318	2.00E+07	813.52	7.44E-05	2
318	2.10E+07	823.71	7.63E-05	2
318	2.20E+07	833.12	7.82E-05	2
318	2.30E+07	841.89	7.99E-05	2
318	2.40E+07	850.1	8.16E-05	2
318	2.50E+07	857.82	8.32E-05	2
318	2.60E+07	865.12	8.47E-05	2
318	2.70E+07	872.04	8.63E-05	2
318	2.80E+07	878.62	8.77E-05	2
318	2.90E+07	884.91	8.92E-05	2
318	3.00E+07	890.92	9.06E-05	2
318	3.10E+07	896.68	9.19E-05	2
318	3.20E+07	902.22	9.33E-05	2
318	3.30E+07	907.55	9.46E-05	2
318	3.40E+07	912.69	9.59E-05	2
318	3.50E+07	917.65	9.72E-05	2
318	3.60E+07	922.46	9.84E-05	2
318	3.70E+07	927.11	9.96E-05	2
318	3.80E+07	931.62	1.01E-04	2
318	3.90E+07	935.99	1.02E-04	2
318	4.00E+07	940.24	1.03E-04	2
318	4.10E+07	944.38	1.04E-04	2
318	4.20E+07	948.41	1.06E-04	2
318	4.30E+07	952.33	1.07E-04	2
318	4.40E+07	956.16	1.08E-04	2
318	4.50E+07	959.89	1.09E-04	2
318	4.60E+07	963.53	1.10E-04	2
318	4.70E+07	967.1	1.11E-04	2
318	4.80E+07	970.58	1.12E-04	2
318	4.90E+07	973.99	1.13E-04	2
318	5.00E+07	977.33	1.14E-04	2
319	1.00E+06	17.296	1.60E-05	0
319	2.00E+06	36.213	1.62E-05	0
319	3.00E+06	57.171	1.64E-05	0
319	4.00E+06	80.783	1.68E-05	0
319	5.00E+06	108.01	1.72E-05	0
319	6.00E+06	140.44	1.79E-05	0
319	7.00E+06	181.1	1.89E-05	0
319	8.00E+06	236.66	2.07E-05	0
319	8.00E+06	236.66	2.07E-05	2
319	8.00E+06	236.66	2.07E-05	2
319	9.00E+06	325.5	2.44E-05	2
319	1.00E+07	474.41	3.36E-05	2
319	1.10E+07	587.08	4.35E-05	2
319	1.20E+07	646.24	4.99E-05	2
319	1.30E+07	684.46	5.46E-05	2
319	1.40E+07	712.66	5.84E-05	2
319	1.50E+07	735.08	6.16E-05	2
319	1.60E+07	753.76	6.44E-05	2
319	1.70E+07	769.81	6.69E-05	2
319	1.80E+07	783.92	6.93E-05	2
319	1.90E+07	796.53	7.14E-05	2
319	2.00E+07	807.95	7.35E-05	2
319	2.10E+07	818.4	7.54E-05	2
319	2.20E+07	828.05	7.72E-05	2
319	2.30E+07	837.02	7.90E-05	2
319	2.40E+07	845.4	8.06E-05	2
319	2.50E+07	853.28	8.22E-05	2
319	2.60E+07	860.72	8.38E-05	2
319	2.70E+07	867.77	8.53E-05	2
319	2.80E+07	874.47	8.68E-05	2
319	2.90E+07	880.86	8.82E-05	2
319	3.00E+07	886.97	8.97E-05	2
319	3.10E+07	892.82	9.10E-05	2
319	3.20E+07	898.44	9.24E-05	2
319	3.30E+07	903.85	9.37E-05	2
319	3.40E+07	909.06	9.50E-05	2
319	3.50E+07	914.09	9.62E-05	2
319	3.60E+07	918.96	9.75E-05	2
319	3.70E+07	923.67	9.87E-05	2
319	3.80E+07	928.23	9.99E-05	2
319	3.90E+07	932.66	1.01E-04	2
319	4.00E+07	936.97	1.02E-04	2
319	4.10E+07	941.15	1.03E-04	2
319	4.20E+07	945.22	1.05E-04	2
319	4.30E+07	949.19	1.06E-04	2
319	4.40E+07	953.06	1.07E-04	2
319	4.50E+07	956.83	1.08E-04	2
319	4.60E+07	960.51	1.09E-04	2
319	4.70E+07	964.11	1.10E-04	2
319	4.80E+07	967.63	1.11E-04	2
319	4.90E+07	971.07	1.12E-04	2
319	5.00E+07	974.44	1.13E-04	2
320	1.00E+06	17.234	1.61E-05	0
320	2.00E+06	36.063	1.62E-05	0
320	3.00E+06	56.89	1.65E-05	0
320	4.00E+06	80.306	1.68E-05	0
320	5.00E+06	107.22	1.73E-05	0
320	6.00E+06	139.11	1.79E-05	0
320	7.00E+06	178.74	1.89E-05	0
320	8.00E+06	231.91	2.05E-05	0
320	8.00E+06	231.91	2.05E-05	2
320	8.00E+06	231.91	2.05E-05	2
320	9.00E+06	313.45	2.39E-05	2
320	1.00E+07	448.28	3.18E-05	2
320	1.10E+07	567.35	4.16E-05	2
320	1.20E+07	632.21	4.84E-05	2
320	1.30E+07	673.34	5.32E-05	2
320	1.40E+07	703.27	5.71E-05	2
320	1.50E+07	726.83	6.04E-05	2
320	1.60E+07	746.32	6.33E-05	2
320	1.70E+07	762.99	6.59E-05	2
320	1.80E+07	777.58	6.82E-05	2
320	1.90E+07	790.58	7.04E-05	2
320	2.00E+07	802.33	7.25E-05	2
320	2.10E+07	813.06	7.44E-05	2
320	2.20E+07	822.94	7.63E-05	2
320	2.30E+07	832.11	7.80E-05	2
320	2.40E+07	840.68	7.97E-05	2
320	2.50E+07	848.72	8.13E-05	2
320	2.60E+07	856.3	8.29E-05	2
320	2.70E+07	863.48	8.44E-05	2
320	2.80E+07	870.3	8.59E-05	2
320	2.90E+07	876.79	8.73E-05	2
320	3.00E+07	883	8.88E-05	2
320	3.10E+07	888.95	9.01E-05	2
320	3.20E+07	894.65	9.15E-05	2
320	3.30E+07	900.14	9.28E-05	2
320	3.40E+07	905.42	9.41E-05	2
320	3.50E+07	910.53	9.54E-05	2
320	3.60E+07	915.45	9.66E-05	2
320	3.70E+07	920.22	9.78E-05	2
320	3.80E+07	924.85	9.90E-05	2
320	3.90E+07	929.33	1.00E-04	2
320	4.00E+07	933.68	1.01E-04	2
320	4.10E+07	937.92	1.03E-04	2
320	4.20E+07	942.03	1.04E-04	2
320	4.30E+07	946.05	1.05E-04	2
320	4.40E+07	949.95	1.06E-04	2
320	4.50E+07	953.77	1.07E-04	2
320	4.60E+07	957.49	1.08E-04	2
320	4.70E+07	961.12	1.09E-04	2
320	4.80E+07	964.68	1.10E-04	2
320	4.90E+07	968.15	1.11E-04	2
320	5.00E+07	971.55	1.12E-04	2
321	1.00E+06	17.173	1.61E-05	0
321	2.00E+06	35.914	1.63E-05	0
321	3.00E+06	56.614	1.65E-05	0
321	4.00E+06	79.838	1.69E-05	0
321	5.00E+06	106.44	1.73E-05	0
321	6.00E+06	137.83	1.79E-05	0
321	7.00E+06	176.5	1.89E-05	0
321	8.00E+06	227.54	2.05E-05	0
321	8.00E+06	227.54	2.05E-05	2
321	8.00E+06	227.54	2.05E-05	2
321	9.00E+06	303.12	2.35E-05	2
321	1.00E+07	424.88	3.02E-05	2
321	1.10E+07	546.96	3.97E-05	2
321	1.20E+07	617.65	4.68E-05	2
321	1.30E+07	661.88	5.19E-05	2
321	1.40E+07	693.64	5.59E-05	2
321	1.50E+07	718.41	5.92E-05	2
321	1.60E+07	738.76	6.22E-05	2
321	1.70E+07	756.07	6.48E-05	2
321	1.80E+07	771.17	6.72E-05	2
321	1.90E+07	784.58	6.94E-05	2
321	2.00E+07	796.66	7.15E-05	2
321	2.10E+07	807.67	7.35E-05	2
321	2.20E+07	817.8	7.53E-05	2
321	2.30E+07	827.18	7.71E-05	2
321	2.40E+07	835.93	7.88E-05	2
321	2.50E+07	844.13	8.04E-05	2
321	2.60E+07	851.86	8.20E-05	2
321	2.70E+07	859.17	8.35E-05	2
321	2.80E+07	866.11	8.50E-05	2
321	2.90E+07	872.72	8.65E-05	2
321	3.00E+07	879.02	8.79E-05	2
321	3.10E+07	885.06	8.92E-05	2
321	3.20E+07	890.85	9.06E-05	2
321	3.30E+07	896.42	9.19E-05	2
321	3.40E+07	901.78	9.32E-05	2
321	3.50E+07	906.95	9.45E-05	2
321	3.60E+07	911.94	9.57E-05	2
321	3.70E+07	916.77	9.69E-05	2
321	3.80E+07	921.45	9.82E-05	2
321	3.90E+07	925.99	9.93E-05	2
321	4.00E+07	930.4	1.01E-04	2
321	4.10E+07	934.68	1.02E-04	2
321	4.20E+07	938.84	1.03E-04	2
321	4.30E+07	942.9	1.04E-04	2
321	4.40E+07	946.85	1.05E-04	2
321	4.50E+07	950.7	1.06E-04	2
321	4.60E+07	954.46	1.07E-04	2
321	4.70E+07	958.13	1.08E-04	2
321	4.80E+07	961.72	1.09E-04	2
321	4.90E+07	965.23	1.11E-04	2
321	5.00E+07	968.67	1.12E-04	2
322	1.00E+06	17.112	1.62E-05	0
322	2.00E+06	35.766	1.63E-05	0
322	3.00E+06	56.341	1.66E-05	0
322	4.00E+06	79.377	1.69E-05	0
322	5.00E+06	105.69	1.73E-05	0
322	6.00E+06	136.59	1.80E-05	0
322	7.00E+06	174.36	1.89E-05	0
322	8.00E+06	223.49	2.04E-05	0
322	8.00E+06	223.49	2.04E-05	2
322	8.00E+06	223.49	2.04E-05	2
322	9.00E+06	294.1	2.31E-05	2
322	1.00E+07	404.45	2.90E-05	2
322	1.10E+07	526.26	3.80E-05	2
322	1.20E+07	602.59	4.52E-05	2
322	1.30E+07	650.08	5.05E-05	2
322	1.40E+07	683.78	5.46E-05	2
322	1.50E+07	709.83	5.81E-05	2
322	1.60E+07	731.08	6.11E-05	2
322	1.70E+07	749.06	6.38E-05	2
322	1.80E+07	764.68	6.62E-05	2
322	1.90E+07	778.51	6.84E-05	2
322	2.00E+07	790.94	7.05E-05	2
322	2.10E+07	802.24	7.25E-05	2
322	2.20E+07	812.61	7.44E-05	2
322	2.30E+07	822.21	7.62E-05	2
322	2.40E+07	831.15	7.79E-05	2
322	2.50E+07	839.52	7.95E-05	2
322	2.60E+07	847.4	8.11E-05	2
322	2.70E+07	854.85	8.26E-05	2
322	2.80E+07	861.91	8.41E-05	2
322	2.90E+07	868.62	8.56E-05	2
322	3.00E+07	875.03	8.70E-05	2
322	3.10E+07	881.16	8.84E-05	2
322	3.20E+07	887.04	8.97E-05	2
322	3.30E+07	892.69	9.10E-05	2
322	3.40E+07	898.12	9.23E-05	2
322	3.50E+07	903.36	9.36E-05	2
322	3.60E+07	908.42	9.48E-05	2
322	3.70E+07	913.32	9.61E-05	2
322	3.80E+07	918.06	9.73E-05	2
322	3.90E+07	922.65	9.85E-05	2
322	4.00E+07	927.11	9.96E-05	2
322	4.10E+07	931.44	1.01E-04	2
322	4.20E+07	935.65	1.02E-04	2
322	4.30E+07	939.75	1.03E-04	2
322	4.40E+07	943.74	1.04E-04	2
322	4.50E+07	947.63	1.05E-04	2
322	4.60E+07	951.43	1.06E-04	2
322	4.70E+07	955.14	1.07E-04	2
322	4.80E+07	958.77	1.09E-04	2
322	4.90E+07	962.31	1.10E-04	2
322	5.00E+07	965.78	1.11E-04	2
323	1.00E+06	17.051	1.62E-05	0
323	2.00E+06	35.62	1.64E-05	0
323	3.00E+06	56.072	1.66E-05	0
323	4.00E+06	78.925	1.69E-05	0
323	5.00E+06	104.95	1.74E-05	0
323	6.00E+06	135.39	1.80E-05	0
323	7.00E+06	172.31	1.89E-05	0
323	8.00E+06	219.73	2.03E-05	0
323	8.00E+06	219.73	2.03E-05	2
323	8.00E+06	219.73	2.03E-05	2
323	9.00E+06	286.12	2.28E-05	2
323	1.00E+07	386.77	2.79E-05	2
323	1.10E+07	505.69	3.63E-05	2
323	1.20E+07	587.07	4.37E-05	2
323	1.30E+07	637.96	4.91E-05	2
323	1.40E+07	673.7	5.34E-05	2
323	1.50E+07	701.08	5.69E-05	2
323	1.60E+07	723.27	6.00E-05	2
323	1.70E+07	741.95	6.27E-05	2
323	1.80E+07	758.11	6.52E-05	2
323	1.90E+07	772.38	6.75E-05	2
323	2.00E+07	785.16	6.96E-05	2
323	2.10E+07	796.76	7.16E-05	2
323	2.20E+07	807.39	7.35E-05	2
323	2.30E+07	817.21	7.53E-05	2
323	2.40E+07	826.35	7.70E-05	2
323	2.50E+07	834.89	7.86E-05	2
323	2.60E+07	842.92	8.02E-05	2
323	2.70E+07	850.5	8.18E-05	2
323	2.80E+07	857.69	8.33E-05	2
323	2.90E+07	864.52	8.47E-05	2
323	3.00E+07	871.03	8.61E-05	2
323	3.10E+07	877.26	8.75E-05	2
323	3.20E+07	883.22	8.88E-05	2
323	3.30E+07	888.95	9.02E-05	2
323	3.40E+07	894.46	9.15E-05	2
323	3.50E+07	899.77	9.27E-05	2
323	3.60E+07	904.9	9.40E-05	2
323	3.70E+07	909.86	9.52E-05	2
323	3.80E+07	914.65	9.64E-05	2
323	3.90E+07	919.3	9.76E-05	2
323	4.00E+07	923.81	9.88E-05	2
323	4.10E+07	928.19	9.99E-05	2
323	4.20E+07	932.45	1.01E-04	2
323	4.30E+07	936.59	1.02E-04	2
323	4.40E+07	940.63	1.03E-04	2
323	4.50E+07	944.56	1.04E-04	2
323	4.60E+07	948.4	1.06E-04	2
323	4.70E+07	952.15	1.07E-04	2
323	4.80E+07	955.81	1.08E-04	2
323	4.90E+07	959.39	1.09E-04	2
323	5.00E+07	962.89	1.10E-04	2
324	1.00E+06	16.991	1.63E-05	0
324	2.00E+06	35.476	1.64E-05	0
324	3.00E+06	55.806	1.67E-05	0
324	4.00E+06	78.48	1.70E-05	0
324	5.00E+06	104.23	1.74E-05	0
324	6.00E+06	134.22	1.80E-05	0
324	7.00E+06	170.36	1.89E-05	0
324	8.00E+06	216.2	2.02E-05	0
324	8.00E+06	216.2	2.02E-05	2
324	8.00E+06	216.2	2.02E-05	2
324	9.00E+06	278.98	2.26E-05	2
324	1.00E+07	371.43	2.71E-05	2
324	1.10E+07	485.69	3.47E-05	2
324	1.20E+07	571.19	4.22E-05	2
324	1.30E+07	625.53	4.78E-05	2
324	1.40E+07	663.39	5.22E-05	2
324	1.50E+07	692.16	5.58E-05	2
324	1.60E+07	715.34	5.89E-05	2
324	1.70E+07	734.75	6.17E-05	2
324	1.80E+07	751.47	6.42E-05	2
324	1.90E+07	766.18	6.65E-05	2
324	2.00E+07	779.34	6.86E-05	2
324	2.10E+07	791.24	7.07E-05	2
324	2.20E+07	802.14	7.26E-05	2
324	2.30E+07	812.18	7.44E-05	2
324	2.40E+07	821.51	7.61E-05	2
324	2.50E+07	830.23	7.78E-05	2
324	2.60E+07	838.42	7.93E-05	2
324	2.70E+07	846.14	8.09E-05	2
324	2.80E+07	853.45	8.24E-05	2
324	2.90E+07	860.4	8.38E-05	2
324	3.00E+07	867.01	8.53E-05	2
324	3.10E+07	873.34	8.66E-05	2
324	3.20E+07	879.39	8.80E-05	2
324	3.30E+07	885.2	8.93E-05	2
324	3.40E+07	890.79	9.06E-05	2
324	3.50E+07	896.17	9.19E-05	2
324	3.60E+07	901.37	9.31E-05	2
324	3.70E+07	906.39	9.44E-05	2
324	3.80E+07	911.24	9.56E-05	2
324	3.90E+07	915.95	9.68E-05	2
324	4.00E+07	920.51	9.79E-05	2
324	4.10E+07	924.94	9.91E-05	2
324	4.20E+07	929.25	1.00E-04	2
324	4.30E+07	933.44	1.01E-04	2
324	4.40E+07	937.52	1.02E-04	2
324	4.50E+07	941.49	1.04E-04	2
324	4.60E+07	945.37	1.05E-04	2
324	4.70E+07	949.15	1.06E-04	2
324	4.80E+07	952.85	1.07E-04	2
324	4.90E+07	956.46	1.08E-04	2
324	5.00E+07	959.99	1.09E-04	2
325	1.00E+06	16.932	1.63E-05	0
325	2.00E+06	35.333	1.65E-05	0
325	3.00E+06	55.544	1.67E-05	0
325	4.00E+06	78.043	1.70E-05	0
325	5.00E+06	103.53	1.75E-05	0
325	6.00E+06	133.08	1.80E-05	0
325	7.00E+06	168.48	1.89E-05	0
325	8.00E+06	212.9	2.02E-05	0
325	8.00E+06	212.9	2.02E-05	2
325	8.00E+06	212.9	2.02E-05	2
325	9.00E+06	272.52	2.24E-05	2
325	1.00E+07	358.04	2.64E-05	2
325	1.10E+07	466.63	3.33E-05	2
325	1.20E+07	555.06	4.07E-05	2
325	1.30E+07	612.82	4.64E-05	2
325	1.40E+07	652.87	5.09E-05	2
325	1.50E+07	683.09	5.47E-05	2
325	1.60E+07	707.28	5.79E-05	2
325	1.70E+07	727.44	6.07E-05	2
325	1.80E+07	744.75	6.32E-05	2
325	1.90E+07	759.93	6.56E-05	2
325	2.00E+07	773.46	6.77E-05	2
325	2.10E+07	785.68	6.97E-05	2
325	2.20E+07	796.84	7.17E-05	2
325	2.30E+07	807.12	7.35E-05	2
325	2.40E+07	816.65	7.52E-05	2
325	2.50E+07	825.55	7.69E-05	2
325	2.60E+07	833.9	7.85E-05	2
325	2.70E+07	841.76	8.00E-05	2
325	2.80E+07	849.2	8.15E-05	2
325	2.90E+07	856.26	8.30E-05	2
325	3.00E+07	862.99	8.44E-05	2
325	3.10E+07	869.41	8.58E-05	2
325	3.20E+07	875.55	8.72E-05	2
325	3.30E+07	881.45	8.85E-05	2
325	3.40E+07	887.11	8.98E-05	2
325	3.50E+07	892.57	9.10E-05	2
325	3.60E+07	897.83	9.23E-05	2
325	3.70E+07	902.91	9.35E-05	2
325	3.80E+07	907.83	9.47E-05	2
325	3.90E+07	912.59	9.59E-05	2
325	4.00E+07	917.21	9.71E-05	2
325	4.10E+07	921.69	9.82E-05	2
325	4.20E+07	926.04	9.94E-05	2
325	4.30E+07	930.28	1.01E-04	2
325	4.40E+07	934.4	1.02E-04	2
325	4.50E+07	938.42	1.03E-04	2
325	4.60E+07	942.33	1.04E-04	2
325	4.70E+07	946.16	1.05E-04	2
325	4.80E+07	949.89	1.06E-04	2
325	4.90E+07	953.54	1.07E-04	2
325	5.00E+07	957.1	1.08E-04	2
326	1.00E+06	16.873	1.64E-05	0
326	2.00E+06	35.191	1.65E-05	0
326	3.00E+06	55.285	1.68E-05	0
326	4.00E+06	77.612	1.71E-05	0
326	5.00E+06	102.84	1.75E-05	0
326	6.00E+06	131.98	1.81E-05	0
326	7.00E+06	166.68	1.89E-05	0
326	8.00E+06	209.78	2.01E-05	0
326	8.00E+06	209.78	2.01E-05	2
326	8.00E+06	209.78	2.01E-05	2
326	9.00E+06	266.64	2.22E-05	2
326	1.00E+07	346.25	2.58E-05	2
326	1.10E+07	448.75	3.21E-05	2
326	1.20E+07	538.84	3.93E-05	2
326	1.30E+07	599.84	4.51E-05	2
326	1.40E+07	642.14	4.97E-05	2
326	1.50E+07	673.85	5.35E-05	2
326	1.60E+07	699.1	5.68E-05	2
326	1.70E+07	720.05	5.97E-05	2
326	1.80E+07	737.95	6.22E-05	2
326	1.90E+07	753.61	6.46E-05	2
326	2.00E+07	767.53	6.68E-05	2
326	2.10E+07	780.08	6.88E-05	2
326	2.20E+07	791.51	7.08E-05	2
326	2.30E+07	802.03	7.26E-05	2
326	2.40E+07	811.77	7.43E-05	2
326	2.50E+07	820.85	7.60E-05	2
326	2.60E+07	829.35	7.76E-05	2
326	2.70E+07	837.36	7.92E-05	2
326	2.80E+07	844.93	8.07E-05	2
326	2.90E+07	852.11	8.22E-05	2
326	3.00E+07	858.95	8.36E-05	2
326	3.10E+07	865.47	8.50E-05	2
326	3.20E+07	871.7	8.63E-05	2
326	3.30E+07	877.68	8.77E-05	2
326	3.40E+07	883.43	8.89E-05	2
326	3.50E+07	888.96	9.02E-05	2
326	3.60E+07	894.29	9.15E-05	2
326	3.70E+07	899.43	9.27E-05	2
326	3.80E+07	904.41	9.39E-05	2
326	3.90E+07	909.23	9.51E-05	2
326	4.00E+07	913.9	9.63E-05	2
326	4.10E+07	918.43	9.74E-05	2
326	4.20E+07	922.83	9.85E-05	2
326	4.30E+07	927.11	9.97E-05	2
326	4.40E+07	931.28	1.01E-04	2
326	4.50E+07	935.34	1.02E-04	2
326	4.60E+07	939.3	1.03E-04	2
326	4.70E+07	943.16	1.04E-04	2
326	4.80E+07	946.93	1.05E-04	2
326	4.90E+07	950.61	1.06E-04	2
326	5.00E+07	954.21	1.07E-04	2
327	1.00E+06	16.814	1.64E-05	0
327	2.00E+06	35.051	1.66E-05	0
327	3.00E+06	55.029	1.68E-05	0
327	4.00E+06	77.189	1.71E-05	0
327	5.00E+06	102.17	1.75E-05	0
327	6.00E+06	130.91	1.81E-05	0
327	7.00E+06	164.95	1.89E-05	0
327	8.00E+06	206.84	2.01E-05	0
327	8.00E+06	206.84	2.01E-05	2
327	8.00E+06	206.84	2.01E-05	2
327	9.00E+06	261.24	2.20E-05	2
327	1.00E+07	335.77	2.53E-05	2
327	1.10E+07	432.21	3.10E-05	2
327	1.20E+07	522.71	3.79E-05	2
327	1.30E+07	586.66	4.38E-05	2
327	1.40E+07	631.22	4.85E-05	2
327	1.50E+07	664.47	5.24E-05	2
327	1.60E+07	690.8	5.57E-05	2
327	1.70E+07	712.55	5.87E-05	2
327	1.80E+07	731.08	6.13E-05	2
327	1.90E+07	747.22	6.37E-05	2
327	2.00E+07	761.55	6.59E-05	2
327	2.10E+07	774.43	6.79E-05	2
327	2.20E+07	786.15	6.99E-05	2
327	2.30E+07	796.9	7.17E-05	2
327	2.40E+07	806.85	7.35E-05	2
327	2.50E+07	816.12	7.52E-05	2
327	2.60E+07	824.79	7.68E-05	2
327	2.70E+07	832.94	7.84E-05	2
327	2.80E+07	840.65	7.99E-05	2
327	2.90E+07	847.95	8.13E-05	2
327	3.00E+07	854.89	8.28E-05	2
327	3.10E+07	861.51	8.41E-05	2
327	3.20E+07	867.84	8.55E-05	2
327	3.30E+07	873.91	8.68E-05	2
327	3.40E+07	879.73	8.81E-05	2
327	3.50E+07	885.34	8.94E-05	2
327	3.60E+07	890.74	9.06E-05	2
327	3.70E+07	895.95	9.19E-05	2
327	3.80E+07	900.99	9.31E-05	2
327	3.90E+07	905.86	9.43E-05	2
327	4.00E+07	910.59	9.54E-05	2
327	4.10E+07	915.17	9.66E-05	2
327	4.20E+07	919.62	9.77E-05	2
327	4.30E+07	923.95	9.88E-05	2
327	4.40E+07	928.16	1.00E-04	2
327	4.50E+07	932.26	1.01E-04	2
327	4.60E+07	936.26	1.02E-04	2
327	4.70E+07	940.16	1.03E-04	2
327	4.80E+07	943.96	1.04E-04	2
327	4.90E+07	947.68	1.05E-04	2
327	5.00E+07	951.31	1.06E-04	2
328	1.00E+06	16.756	1.65E-05	0
328	2.00E+06	34.912	1.66E-05	0
328	3.00E+06	54.777	1.69E-05	0
328	4.00E+06	76.772	1.72E-05	0
328	5.00E+06	101.5	1.76E-05	0
328	6.00E+06	129.87	1.81E-05	0
328	7.00E+06	163.28	1.89E-05	0
328	8.00E+06	204.05	2.01E-05	0
328	8.00E+06	204.05	2.01E-05	2
328	8.00E+06	204.05	2.01E-05	2
328	9.00E+06	256.26	2.19E-05	2
328	1.00E+07	326.4	2.49E-05	2
328	1.10E+07	417.06	3.01E-05	2
328	1.20E+07	506.85	3.66E-05	2
328	1.30E+07	573.33	4.26E-05	2
328	1.40E+07	620.13	4.74E-05	2
328	1.50E+07	654.94	5.13E-05	2
328	1.60E+07	682.39	5.47E-05	2
328	1.70E+07	704.97	5.77E-05	2
328	1.80E+07	724.13	6.03E-05	2
328	1.90E+07	740.78	6.27E-05	2
328	2.00E+07	755.52	6.50E-05	2
328	2.10E+07	768.74	6.71E-05	2
328	2.20E+07	780.75	6.90E-05	2
328	2.30E+07	791.75	7.09E-05	2
328	2.40E+07	801.92	7.26E-05	2
328	2.50E+07	811.37	7.43E-05	2
328	2.60E+07	820.21	7.60E-05	2
328	2.70E+07	828.51	7.75E-05	2
328	2.80E+07	836.35	7.90E-05	2
328	2.90E+07	843.77	8.05E-05	2
328	3.00E+07	850.83	8.19E-05	2
328	3.10E+07	857.55	8.33E-05	2
328	3.20E+07	863.97	8.47E-05	2
328	3.30E+07	870.13	8.60E-05	2
328	3.40E+07	876.03	8.73E-05	2
328	3.50E+07	881.71	8.86E-05	2
328	3.60E+07	887.18	8.98E-05	2
328	3.70E+07	892.46	9.11E-05	2
328	3.80E+07	897.56	9.23E-05	2
328	3.90E+07	902.49	9.35E-05	2
328	4.00E+07	907.27	9.46E-05	2
328	4.10E+07	911.91	9.58E-05	2
328	4.20E+07	916.41	9.69E-05	2
328	4.30E+07	920.78	9.80E-05	2
328	4.40E+07	925.04	9.91E-05	2
328	4.50E+07	929.18	1.00E-04	2
328	4.60E+07	933.22	1.01E-04	2
328	4.70E+07	937.16	1.02E-04	2
328	4.80E+07	941	1.03E-04	2
328	4.90E+07	944.75	1.04E-04	2
328	5.00E+07	948.42	1.06E-04	2
329	1.00E+06	16.698	1.65E-05	0
329	2.00E+06	34.775	1.67E-05	0
329	3.00E+06	54.527	1.69E-05	0
329	4.00E+06	76.362	1.72E-05	0
329	5.00E+06	100.86	1.76E-05	0
329	6.00E+06	128.86	1.82E-05	0
329	7.00E+06	161.66	1.89E-05	0
329	8.00E+06	201.4	2.00E-05	0
329	8.00E+06	201.4	2.00E-05	2
329	8.00E+06	201.4	2.00E-05	2
329	9.00E+06	251.64	2.17E-05	2
329	1.00E+07	317.94	2.46E-05	2
329	1.10E+07	403.24	2.92E-05	2
329	1.20E+07	491.42	3.54E-05	2
329	1.30E+07	559.93	4.13E-05	2
329	1.40E+07	608.89	4.62E-05	2
329	1.50E+07	645.29	5.02E-05	2
329	1.60E+07	673.87	5.37E-05	2
329	1.70E+07	697.29	5.67E-05	2
329	1.80E+07	717.11	5.94E-05	2
329	1.90E+07	734.28	6.18E-05	2
329	2.00E+07	749.43	6.41E-05	2
329	2.10E+07	763.01	6.62E-05	2
329	2.20E+07	775.31	6.82E-05	2
329	2.30E+07	786.57	7.00E-05	2
329	2.40E+07	796.95	7.18E-05	2
329	2.50E+07	806.59	7.35E-05	2
329	2.60E+07	815.6	7.51E-05	2
329	2.70E+07	824.06	7.67E-05	2
329	2.80E+07	832.04	7.82E-05	2
329	2.90E+07	839.58	7.97E-05	2
329	3.00E+07	846.75	8.11E-05	2
329	3.10E+07	853.58	8.25E-05	2
329	3.20E+07	860.1	8.39E-05	2
329	3.30E+07	866.34	8.52E-05	2
329	3.40E+07	872.32	8.65E-05	2
329	3.50E+07	878.08	8.78E-05	2
329	3.60E+07	883.62	8.90E-05	2
329	3.70E+07	888.96	9.03E-05	2
329	3.80E+07	894.12	9.15E-05	2
329	3.90E+07	899.12	9.27E-05	2
329	4.00E+07	903.95	9.38E-05	2
329	4.10E+07	908.64	9.50E-05	2
329	4.20E+07	913.19	9.61E-05	2
329	4.30E+07	917.61	9.72E-05	2
329	4.40E+07	921.91	9.83E-05	2
329	4.50E+07	926.1	9.94E-05	2
329	4.60E+07	930.18	1.01E-04	2
329	4.70E+07	934.15	1.02E-04	2
329	4.80E+07	938.03	1.03E-04	2
329	4.90E+07	941.82	1.04E-04	2
329	5.00E+07	945.52	1.05E-04	2
330	1.00E+06	16.641	1.65E-05	0
330	2.00E+06	34.639	1.67E-05	0
330	3.00E+06	54.281	1.70E-05	0
330	4.00E+06	75.958	1.73E-05	0
330	5.00E+06	100.22	1.77E-05	0
330	6.00E+06	127.87	1.82E-05	0
330	7.00E+06	160.11	1.89E-05	0
330	8.00E+06	198.87	2.00E-05	0
330	8.00E+06	198.87	2.00E-05	2
330	8.00E+06	198.87	2.00E-05	2
330	9.00E+06	247.32	2.16E-05	2
330	1.00E+07	310.26	2.43E-05	2
330	1.10E+07	390.66	2.85E-05	2
330	1.20E+07	476.55	3.43E-05	2
330	1.30E+07	546.53	4.01E-05	2
330	1.40E+07	597.52	4.51E-05	2
330	1.50E+07	635.51	4.92E-05	2
330	1.60E+07	665.24	5.26E-05	2
330	1.70E+07	689.53	5.57E-05	2
330	1.80E+07	710.02	5.84E-05	2
330	1.90E+07	727.72	6.09E-05	2
330	2.00E+07	743.3	6.32E-05	2
330	2.10E+07	757.23	6.53E-05	2
330	2.20E+07	769.84	6.73E-05	2
330	2.30E+07	781.35	6.92E-05	2
330	2.40E+07	791.96	7.10E-05	2
330	2.50E+07	801.8	7.27E-05	2
330	2.60E+07	810.98	7.43E-05	2
330	2.70E+07	819.59	7.59E-05	2
330	2.80E+07	827.71	7.74E-05	2
330	2.90E+07	835.38	7.89E-05	2
330	3.00E+07	842.66	8.03E-05	2
330	3.10E+07	849.59	8.17E-05	2
330	3.20E+07	856.21	8.31E-05	2
330	3.30E+07	862.54	8.44E-05	2
330	3.40E+07	868.61	8.57E-05	2
330	3.50E+07	874.44	8.70E-05	2
330	3.60E+07	880.05	8.83E-05	2
330	3.70E+07	885.46	8.95E-05	2
330	3.80E+07	890.69	9.07E-05	2
330	3.90E+07	895.74	9.19E-05	2
330	4.00E+07	900.63	9.30E-05	2
330	4.10E+07	905.37	9.42E-05	2
330	4.20E+07	909.97	9.53E-05	2
330	4.30E+07	914.44	9.64E-05	2
330	4.40E+07	918.79	9.75E-05	2
330	4.50E+07	923.01	9.86E-05	2
330	4.60E+07	927.13	9.97E-05	2
330	4.70E+07	931.15	1.01E-04	2
330	4.80E+07	935.07	1.02E-04	2
330	4.90E+07	938.89	1.03E-04	2
330	5.00E+07	942.63	1.04E-04	2
